TIME	OFI	DELTA_MID	LOG_RET
10:05:10	354000.0	0	0.0
10:05:20	-38500.0	0	-0.000828500461641
10:05:30	27400.0	0	0.0
10:05:40	-48100.0	-1	-0.000829187443861
10:05:50	8000.0	0	0.0
10:06:00	113700.0	1	0.000829187443861
10:06:10	28900.0	0	0.000828500461641
10:06:20	-4600.0	0	0.0
10:06:30	30400.0	0	0.000413992968033
10:06:40	-17200.0	0	0.0
10:06:50	35200.0	1	0.00124095155532
10:07:00	42600.0	1	0.000826446328031
10:07:10	28900.0	-1	-0.000826446328031
10:07:20	1900.0	1	0.000826446328031
10:07:30	200.0	0	0.0
10:07:40	-600.0	0	0.0
10:07:50	47400.0	0	0.0
10:08:00	1400.0	0	0.000825763878467
10:08:10	4000.0	0	0.0
10:08:20	-3600.0	0	0.0
10:08:30	12200.0	0	0.0
10:08:40	-14700.0	0	0.0
10:08:50	18300.0	0	0.0
10:09:00	-15100.0	0	0.0
10:09:10	5900.0	0	0.0
10:09:20	36300.0	0	0.0
10:09:30	39900.0	1	0.000825082555058
10:09:40	-4700.0	0	0.0
10:09:50	32100.0	0	0.0
10:10:00	115000.0	1	0.000824402355018
10:10:10	-22400.0	0	0.0
10:10:20	11800.0	0	0.0
10:10:30	16900.0	0	0.0
10:10:40	41300.0	0	0.000823723275571
10:10:50	59300.0	0	0.0
10:11:00	78500.0	1	0.000823045313951
10:11:10	-11200.0	0	0.0
10:11:20	30900.0	0	0.000822368467399
10:11:30	121700.0	1	0.000821692733168
10:11:40	69300.0	0	0.0
10:11:50	30600.0	0	0.000410593313097
10:12:00	23700.0	0	0.000410424795418
10:12:10	6200.0	0	0.0
10:12:20	1800.0	0	0.0
10:12:30	76100.0	1	0.000820344590714
10:12:40	17800.0	0	0.0
10:12:50	21900.0	0	0.0
10:13:00	98000.0	1	0.00163867304182
10:13:10	20600.0	0	0.0
10:13:20	68500.0	1	0.000818330651232
10:13:30	14500.0	0	0.0
10:13:40	74100.0	0	0.000817661533699
10:13:50	47100.0	0	0.0
10:14:00	800.0	0	0.0
10:14:10	-21400.0	0	0.0
10:14:20	40900.0	0	0.0
10:14:30	-7900.0	0	0.0
10:14:40	-108600.0	0	-0.000817661533699
10:14:50	-83000.0	-1	-0.000818330651232
10:15:00	-149100.0	-2	-0.00204876121652
10:15:10	35100.0	0	0.000410088174703
10:15:20	-35700.0	0	-0.000410088174704
10:15:30	-21400.0	0	-0.000410256416011
10:15:40	-39300.0	0	0.0
10:15:50	12700.0	0	0.0
10:16:00	14100.0	0	0.0
10:16:10	43700.0	1	0.000820344590714
10:16:20	29300.0	0	0.0
10:16:30	14000.0	0	0.00081967217704
10:16:40	-10400.0	0	0.0
10:16:50	42000.0	0	0.00040958427769
10:17:00	32400.0	0	-0.00040958427769
10:17:10	-67400.0	0	0.0
10:17:20	-13000.0	0	0.0
10:17:30	8400.0	0	0.0
10:17:40	72300.0	0	0.00081900086478
10:17:50	-12700.0	0	0.0
10:18:00	-28800.0	0	-0.00081900086478
10:18:10	-2300.0	0	0.0
10:18:20	-12700.0	0	0.0
10:18:30	2700.0	0	0.0
10:18:40	-13200.0	0	0.0
10:18:50	-129400.0	0	-0.00081967217704
10:19:00	-64000.0	-1	-0.000820344590714
10:19:10	45100.0	1	0.000820344590714
10:19:20	-58300.0	-1	-0.000820344590714
10:19:30	-8900.0	0	0.0
10:19:40	33200.0	0	0.0
10:19:50	-28700.0	0	0.0
10:20:00	5500.0	0	0.0
10:20:10	-10800.0	0	0.0
10:20:20	-22300.0	0	0.0
10:20:30	-4900.0	0	0.0
10:20:40	-24100.0	0	0.0
10:20:50	17700.0	0	0.0
10:21:00	-7100.0	0	0.0
10:21:10	-47500.0	0	-0.000821018108516
10:21:20	-143600.0	-1	-0.000821692733168
10:21:30	-98000.0	0	-0.000822368467399
10:21:40	31700.0	0	0.000822368467399
10:21:50	-96100.0	0	-0.000822368467399
10:22:00	-3300.0	0	0.0
10:22:10	8200.0	0	0.0
10:22:20	-1100.0	0	0.0
10:22:30	49100.0	0	0.000822368467399
10:22:40	34000.0	0	0.0
10:22:50	23800.0	1	0.000821692733168
10:23:00	-53900.0	-1	-0.000821692733168
10:23:10	-11900.0	0	0.0
10:23:20	-400.0	0	0.0
10:23:30	88100.0	1	0.000821692733168
10:23:40	-29800.0	0	0.0
10:23:50	1900.0	0	0.0
10:24:00	-130900.0	-1	-0.000821692733168
10:24:10	-700.0	0	0.0
10:24:20	-32700.0	0	0.0
10:24:30	-9200.0	0	0.0
10:24:40	600.0	0	0.0
10:24:50	-126100.0	0	-0.000822368467399
10:25:00	6900.0	0	0.0
10:25:10	-7100.0	0	0.0
10:25:20	-58300.0	0	0.0
10:25:30	-141300.0	-1	-0.00164676858952
10:25:40	-78900.0	0	0.0
10:25:50	-71900.0	-1	-0.000824402355018
10:26:00	20200.0	1	0.000824402355018
10:26:10	-12500.0	0	0.0
10:26:20	-25400.0	0	0.0
10:26:30	26800.0	0	0.0
10:26:40	27100.0	0	0.0
10:26:50	111100.0	0	0.0
10:27:00	41900.0	0	0.000823723275571
10:27:10	-13700.0	0	0.0
10:27:20	16400.0	0	0.0
10:27:30	48100.0	1	0.000823045313951
10:27:40	-63700.0	-1	-0.000823045313951
10:27:50	-600.0	0	0.0
10:28:00	7300.0	0	0.0
10:28:10	-15700.0	0	0.0
10:28:20	7500.0	0	0.0
10:28:30	-23900.0	0	-0.000823723275571
10:28:40	19000.0	0	0.000823723275571
10:28:50	-31300.0	0	-0.000823723275571
10:29:00	1300.0	0	0.0
10:29:10	26400.0	0	0.000411946452787
10:29:20	14400.0	0	0.000411776822784
10:29:30	-36400.0	0	-0.000823723275571
10:29:40	6700.0	0	0.0
10:29:50	10300.0	0	0.0
10:30:00	82500.0	0	0.000823723275571
10:30:10	1200.0	0	0.0
10:30:20	-129700.0	-1	-0.00164812563059
10:30:30	-130800.0	-1	-0.000825082555058
10:30:40	-33800.0	0	0.0
10:30:50	-441600.0	-3	-0.00330715472985
10:31:00	-30400.0	0	0.0
10:31:10	103800.0	1	0.00082781461681
10:31:20	266700.0	0	0.000827129906544
10:31:30	-259900.0	-1	-0.00124095155532
10:31:40	85500.0	1	0.00165426009603
10:31:50	20000.0	1	0.00123890166579
10:32:00	166500.0	2	0.00164948491008
10:32:10	128100.0	0	0.000823723275571
10:32:20	-9100.0	0	0.0
10:32:30	47800.0	0	0.0
10:32:40	-9600.0	0	0.0
10:32:50	9100.0	0	0.0
10:33:00	-8100.0	0	0.0
10:33:10	-17000.0	0	0.0
10:33:20	-204500.0	-3	-0.00247320818565
10:33:30	-1200.0	0	0.0
10:33:40	31900.0	0	0.0
10:33:50	-83900.0	-1	-0.0016522102065
10:34:00	63800.0	1	0.000826446328031
10:34:10	31300.0	0	0.0
10:34:20	22700.0	0	0.0
10:34:30	48000.0	0	0.000825763878467
10:34:40	5300.0	0	0.0
10:34:50	-27400.0	0	-0.000825763878467
10:35:00	-88500.0	0	-0.000413137787326
10:35:10	18800.0	0	0.0
10:35:20	-74200.0	-1	-0.00124043844725
10:35:30	-161100.0	-1	-0.00165631507845
10:35:40	-269000.0	-4	-0.00373676996993
10:35:50	-58000.0	0	0.000415886884763
10:36:00	11600.0	0	0.0
10:36:10	135200.0	3	0.00249169564131
10:36:20	-43100.0	-1	-0.0016604403981
10:36:30	7500.0	0	0.00041536864564
10:36:40	-1300.0	0	0.0
10:36:50	-42300.0	0	-0.000830909894088
10:37:00	203100.0	2	0.00207598164655
10:37:10	-44600.0	0	-0.0008298755663
10:37:20	161500.0	2	0.0024875634718
10:37:30	-14700.0	0	-0.000828500461641
10:37:40	43900.0	0	0.000828500461641
10:37:50	133100.0	2	0.00206825306406
10:38:00	-7500.0	0	-0.000413308540705
10:38:10	95300.0	0	0.0
10:38:20	-1800.0	1	0.000826446328031
10:38:30	51400.0	0	0.000825763878467
10:38:40	27200.0	0	0.0
10:38:50	19300.0	0	0.0
10:39:00	126000.0	1	0.000825082555058
10:39:10	-132200.0	-1	-0.000825082555058
10:39:20	-15000.0	0	0.0
10:39:30	-36500.0	0	-0.000412796703488
10:39:40	-48200.0	0	-0.000412967174979
10:39:50	-22900.0	0	-0.000413137787326
10:40:00	500.0	0	0.000413137787326
10:40:10	5400.0	0	0.0
10:40:20	28200.0	0	0.000825763878467
10:40:30	-1900.0	0	0.0
10:40:40	-26400.0	0	-0.000825763878467
10:40:50	-5700.0	0	0.0
10:41:00	-9300.0	0	-0.000413137787326
10:41:10	6200.0	0	-0.000413308540705
10:41:20	26600.0	1	0.000826446328031
10:41:30	5400.0	0	0.0
10:41:40	15100.0	0	0.0
10:41:50	-22200.0	0	0.0
10:42:00	-1000.0	0	0.0
10:42:10	16100.0	0	0.0
10:42:20	13600.0	0	0.000412967174979
10:42:30	9800.0	0	0.000412796703488
10:42:40	304700.0	2	0.00206143136286
10:42:50	58000.0	0	0.000411776822784
10:43:00	58700.0	1	0.000823045313951
10:43:10	140800.0	0	0.000822368467399
10:43:20	81000.0	1	0.000821692733168
10:43:30	-16400.0	0	-0.000410761969218
10:43:40	10800.0	0	0.000410761969218
10:43:50	-12100.0	0	0.0
10:44:00	61100.0	0	0.0
10:44:10	23900.0	0	0.0
10:44:20	15400.0	0	0.0
10:44:30	-245900.0	-1	-0.000821692733168
10:44:40	57600.0	1	0.000821692733168
10:44:50	-3000.0	0	0.0
10:45:00	-10600.0	0	-0.000410761969218
10:45:10	6400.0	0	0.000410761969218
10:45:20	11900.0	0	0.0
10:45:30	4400.0	0	0.0
10:45:40	118700.0	0	0.000821018108516
10:45:50	-12700.0	0	0.0
10:46:00	-7400.0	0	-0.000410424795418
10:46:10	25600.0	0	0.000410424795418
10:46:20	-24600.0	0	0.0
10:46:30	-29800.0	0	0.0
10:46:40	-95600.0	0	-0.000821018108516
10:46:50	-42900.0	0	0.0
10:47:00	-3600.0	0	0.0
10:47:10	4100.0	0	0.0
10:47:20	-3100.0	0	0.0
10:47:30	-7700.0	0	0.0
10:47:40	33300.0	0	0.0
10:47:50	-23300.0	0	0.0
10:48:00	-103500.0	-1	-0.000821692733168
10:48:10	-47900.0	0	-0.000822368467399
10:48:20	-141200.0	-1	-0.00164676858952
10:48:30	58400.0	0	0.000823723275571
10:48:40	-54300.0	0	-0.000823723275571
10:48:50	-24100.0	0	0.0
10:49:00	-35100.0	-1	-0.000824402355018
10:49:10	-51800.0	-1	-0.000825082555058
10:49:20	-12800.0	0	0.0
10:49:30	1200.0	0	0.0
10:49:40	13300.0	0	0.0
10:49:50	-89900.0	0	-0.000825763878467
10:50:00	-27000.0	0	0.000412967174979
10:50:10	-65600.0	-1	-0.00123941350301
10:50:20	30700.0	1	0.000826446328031
10:50:30	15000.0	0	0.0
10:50:40	-15000.0	0	0.0
10:50:50	-50700.0	-1	-0.000826446328031
10:51:00	-124000.0	-1	-0.00124095155532
10:51:10	-98800.0	-1	-0.00124249342967
10:51:20	94300.0	1	0.00165631507845
10:51:30	-24400.0	0	0.0
10:51:40	111500.0	1	0.00124043844725
10:51:50	22600.0	0	0.0
10:52:00	-25800.0	0	-0.000413308540705
10:52:10	-12100.0	0	0.0
10:52:20	-1100.0	0	-0.000413479435289
10:52:30	58700.0	1	0.00123992576332
10:52:40	-14100.0	0	0.0
10:52:50	35000.0	0	0.0
10:53:00	-8500.0	0	0.0
10:53:10	27600.0	0	0.0
10:53:20	52100.0	0	0.000825763878467
10:53:30	76500.0	1	0.000825082555058
10:53:40	77800.0	1	0.000824402355018
10:53:50	-6300.0	0	0.0
10:54:00	15600.0	0	0.0
10:54:10	18900.0	0	0.0
10:54:20	-8300.0	0	0.0
10:54:30	-13900.0	0	0.0
10:54:40	-21300.0	-1	-0.000824402355018
10:54:50	-1600.0	0	0.0
10:55:00	-10300.0	0	0.0
10:55:10	18600.0	1	0.000824402355018
10:55:20	25600.0	0	0.0
10:55:30	-23600.0	0	0.0
10:55:40	65200.0	0	0.000823723275571
10:55:50	3900.0	0	0.0
10:56:00	2700.0	0	0.0
10:56:10	-8700.0	0	0.0
10:56:20	-57200.0	0	-0.000823723275571
10:56:30	-31400.0	0	0.0
10:56:40	17200.0	0	0.000411946452787
10:56:50	-38000.0	0	-0.000411946452787
10:57:00	-5000.0	0	0.0
10:57:10	-77000.0	-1	-0.000824402355018
10:57:20	-4800.0	0	0.0
10:57:30	5800.0	0	0.0
10:57:40	-3500.0	0	0.0
10:57:50	18000.0	1	0.000824402355018
10:58:00	-3700.0	0	0.0
10:58:10	10800.0	0	0.0
10:58:20	-8000.0	0	0.0
10:58:30	-80800.0	-1	-0.000824402355018
10:58:40	5000.0	0	0.0
10:58:50	11800.0	0	0.0
10:59:00	100.0	0	0.0
10:59:10	20000.0	1	0.000824402355018
10:59:20	-9300.0	-1	-0.000824402355018
10:59:30	-8100.0	0	0.0
10:59:40	1800.0	0	0.0
10:59:50	19000.0	0	0.0
11:00:00	26500.0	1	0.000824402355018
11:00:10	-21000.0	-1	-0.000824402355018
11:00:20	-309900.0	-1	-0.00165084643353
11:00:30	151200.0	0	0.000825763878467
11:00:40	-400.0	0	0.0
11:00:50	-13000.0	0	0.0
11:01:00	71300.0	1	0.000825082555058
11:01:10	-73000.0	-1	-0.000825082555058
11:01:20	900.0	0	0.0
11:01:30	8200.0	0	0.0
11:01:40	-9500.0	0	0.0
11:01:50	-4400.0	0	0.0
11:02:00	4300.0	0	0.0
11:02:10	-7500.0	0	0.0
11:02:20	-3100.0	0	0.0
11:02:30	-116000.0	0	-0.000825763878467
11:02:40	-4100.0	0	0.0
11:02:50	17000.0	0	0.0
11:03:00	9000.0	0	0.0
11:03:10	-187800.0	-1	-0.000826446328031
11:03:20	17100.0	0	0.0
11:03:30	2200.0	0	0.0
11:03:40	30600.0	0	0.0
11:03:50	-6700.0	0	0.0
11:04:00	89300.0	1	0.000826446328031
11:04:10	-2600.0	0	0.0
11:04:20	24100.0	0	0.000412967174979
11:04:30	-2100.0	0	0.0
11:04:40	-6500.0	0	-0.000412967174979
11:04:50	4500.0	0	0.0
11:05:00	-15200.0	0	0.0
11:05:10	-4400.0	0	0.0
11:05:20	-3400.0	0	0.0
11:05:30	-4000.0	0	0.0
11:05:40	-42000.0	-1	-0.000826446328031
11:05:50	1300.0	0	0.0
11:06:00	-4800.0	0	0.0
11:06:10	-35700.0	0	0.0
11:06:20	-72800.0	0	-0.000413479435289
11:06:30	41900.0	0	0.000413479435289
11:06:40	-17700.0	0	0.0
11:06:50	-17700.0	0	-0.000413479435289
11:07:00	-78400.0	0	-0.000413650471255
11:07:10	-12700.0	0	0.0
11:07:20	-15200.0	-1	-0.00082781461681
11:07:30	-32500.0	0	0.0
11:07:40	-3800.0	0	0.000413992968033
11:07:50	600.0	0	0.0
11:08:00	-34200.0	0	-0.000413992968033
11:08:10	-2700.0	0	0.0
11:08:20	8400.0	0	0.0
11:08:30	-291500.0	-1	-0.0016576879055
11:08:40	-33800.0	0	0.0
11:08:50	-124200.0	0	0.0
11:09:00	44500.0	0	0.0
11:09:10	-10500.0	0	0.0
11:09:20	46900.0	1	0.000829187443861
11:09:30	8100.0	0	0.0
11:09:40	-800.0	0	0.0
11:09:50	36500.0	0	0.0
11:10:00	3800.0	0	0.0
11:10:10	-25800.0	0	0.0
11:10:20	-45300.0	0	-0.000414507777956
11:10:30	3400.0	0	0.000414507777956
11:10:40	79300.0	0	0.000828500461641
11:10:50	18000.0	0	0.0
11:11:00	14600.0	0	0.0
11:11:10	-5200.0	0	0.0
11:11:20	-26800.0	0	0.0
11:11:30	17000.0	0	0.0
11:11:40	1500.0	0	0.0
11:11:50	-1700.0	0	0.0
11:12:00	-6100.0	0	0.0
11:12:10	9800.0	0	0.0
11:12:20	-20300.0	0	-0.000828500461641
11:12:30	36200.0	0	0.000828500461641
11:12:40	13300.0	0	0.0
11:12:50	200.0	0	0.0
11:13:00	7900.0	0	0.0
11:13:10	2700.0	0	0.0
11:13:20	-41100.0	0	0.0
11:13:30	-206400.0	-2	-0.00207253960197
11:13:40	-20200.0	0	-0.000415023869829
11:13:50	-144700.0	0	0.0
11:14:00	10200.0	0	0.0
11:14:10	-3900.0	0	0.0
11:14:20	2300.0	0	0.0
11:14:30	9100.0	0	0.0
11:14:40	-24000.0	0	-0.000830564831799
11:14:50	-31200.0	0	0.0
11:15:00	-20600.0	0	0.0
11:15:10	20000.0	0	0.0
11:15:20	-61600.0	0	0.0
11:15:30	9600.0	0	0.0
11:15:40	-113400.0	-1	-0.00083125524321
11:15:50	13100.0	0	0.0
11:16:00	-126500.0	0	-0.000831946803393
11:16:10	-18000.0	0	0.0
11:16:20	-199600.0	-1	-0.000832639515216
11:16:30	3100.0	0	0.0
11:16:40	-13400.0	0	0.0
11:16:50	20600.0	0	0.0
11:17:00	39100.0	0	0.0
11:17:10	134900.0	1	0.00166458631861
11:17:20	80000.0	1	0.000831255243211
11:17:30	-11300.0	-1	-0.00083125524321
11:17:40	24000.0	1	0.000831255243211
11:17:50	10500.0	0	0.0
11:18:00	-6100.0	0	0.0
11:18:10	-600.0	0	0.0
11:18:20	46900.0	0	0.000830564831799
11:18:30	4100.0	0	0.0
11:18:40	-36200.0	0	-0.000830564831799
11:18:50	4300.0	0	0.0
11:19:00	-37500.0	-1	-0.00083125524321
11:19:10	-3400.0	0	0.0
11:19:20	-15800.0	0	0.0
11:19:30	-4200.0	0	0.0
11:19:40	4100.0	0	0.0
11:19:50	87900.0	1	0.000831255243211
11:20:00	9600.0	0	0.0
11:20:10	-45300.0	-1	-0.00083125524321
11:20:20	-7100.0	0	0.0
11:20:30	-41100.0	0	-0.000831946803393
11:20:40	9400.0	0	0.0
11:20:50	2500.0	0	0.0
11:21:00	1600.0	0	0.0
11:21:10	-54400.0	0	0.0
11:21:20	-105100.0	-1	-0.000832639515216
11:21:30	-96500.0	-1	-0.00166736178687
11:21:40	-11300.0	0	0.0
11:21:50	-15600.0	0	0.0
11:22:00	12500.0	0	0.0
11:22:10	-31000.0	0	0.0
11:22:20	-36100.0	0	0.0
11:22:30	43300.0	0	0.0
11:22:40	-19900.0	0	0.0
11:22:50	-40100.0	0	-0.000834724589369
11:23:00	1500.0	0	0.0
11:23:10	17800.0	0	0.000417449390324
11:23:20	-20100.0	0	-0.000417449390324
11:23:30	21100.0	0	0.000834724589369
11:23:40	600.0	0	0.0
11:23:50	-26700.0	0	0.0
11:24:00	73100.0	0	0.000417101153075
11:24:10	-44000.0	0	-0.000417101153075
11:24:20	36800.0	0	0.0
11:24:30	800.0	0	0.0
11:24:40	18600.0	0	0.0
11:24:50	-3700.0	0	0.0
11:25:00	134600.0	1	0.00083402840531
11:25:10	100.0	0	0.0
11:25:20	33900.0	0	0.0
11:25:30	230900.0	1	0.00166597289677
11:25:40	-49000.0	-1	-0.000832639515216
11:25:50	52300.0	0	0.0
11:26:00	205600.0	1	0.00166458631861
11:26:10	10200.0	0	0.0
11:26:20	2700.0	0	0.0
11:26:30	55200.0	1	0.000831255243211
11:26:40	31900.0	-1	-0.00083125524321
11:26:50	14400.0	0	0.0
11:27:00	5500.0	0	0.0
11:27:10	-77100.0	0	-0.000415886884763
11:27:20	85200.0	1	0.00124714212797
11:27:30	-5200.0	-1	-0.00083125524321
11:27:40	-31000.0	0	0.0
11:27:50	13000.0	0	0.0
11:28:00	-106600.0	0	-0.000831946803393
11:28:10	9900.0	0	0.0
11:28:20	97600.0	0	0.000831946803392
11:28:30	15200.0	0	0.0
11:28:40	7800.0	0	0.0
11:28:50	2200.0	0	0.0
11:29:00	-19200.0	0	0.0
11:29:10	-1300.0	0	0.0
11:29:20	22700.0	0	0.0
11:29:30	34400.0	0	0.0
11:29:40	24200.0	1	0.000831255243211
11:29:50	-1900.0	0	0.0
11:30:00	-24900.0	-1	-0.00083125524321
11:30:10	-160100.0	-2	-0.00249791970017
11:30:20	17200.0	0	0.0
11:30:30	87300.0	0	0.000833333381558
11:30:40	-61800.0	0	-0.000833333381558
11:30:50	-12900.0	0	0.0
11:31:00	130200.0	0	0.000833333381558
11:31:10	-10900.0	0	-0.000833333381558
11:31:20	23800.0	0	0.000833333381558
11:31:30	-22500.0	0	0.0
11:31:40	6800.0	0	0.0
11:31:50	-14800.0	0	0.0
11:32:00	100.0	0	0.0
11:32:10	-85800.0	-1	-0.00125026063379
11:32:20	64600.0	0	0.000416927252235
11:32:30	19800.0	0	0.0
11:32:40	-9200.0	0	0.0
11:32:50	22900.0	0	0.000833333381558
11:33:00	32700.0	0	0.0
11:33:10	-3400.0	0	0.0
11:33:20	-9100.0	0	0.0
11:33:30	-2700.0	0	0.0
11:33:40	-26100.0	0	-0.000833333381558
11:33:50	12500.0	0	0.0
11:34:00	-12200.0	0	0.0
11:34:10	-107400.0	-1	-0.00083402840531
11:34:20	11100.0	0	0.0
11:34:30	-500.0	0	0.0
11:34:40	-30800.0	0	0.0
11:34:50	-19300.0	0	0.0
11:35:00	-63000.0	0	-0.000834724589369
11:35:10	-81500.0	-1	-0.000835421936642
11:35:20	-8100.0	0	0.0
11:35:30	-9400.0	0	0.0
11:35:40	-47900.0	0	-0.000836120450049
11:35:50	213700.0	2	0.00167154238669
11:36:00	-16800.0	-1	-0.000835421936642
11:36:10	5000.0	0	0.000417798209545
11:36:20	1200.0	0	0.000417623727097
11:36:30	0.0	0	0.0
11:36:40	-140900.0	-1	-0.000835421936642
11:36:50	-1800.0	0	0.0
11:37:00	14500.0	0	0.0
11:37:10	-321500.0	-1	-0.00167294058256
11:37:20	-8400.0	0	0.0
11:37:30	-47800.0	-1	-0.00125654466795
11:37:40	31500.0	0	0.000419023680968
11:37:50	59000.0	1	0.00083752098698
11:38:00	1900.0	0	0.0
11:38:10	110400.0	1	0.00167294058256
11:38:20	-26500.0	0	-0.000836120450049
11:38:30	5000.0	0	0.0
11:38:40	-3600.0	0	0.0
11:38:50	-47700.0	0	-0.000836820132515
11:39:00	12100.0	0	0.0
11:39:10	16100.0	0	0.000836820132515
11:39:20	100.0	0	0.0
11:39:30	58000.0	0	0.000836120450049
11:39:40	-5000.0	0	0.0
11:39:50	-9000.0	0	-0.000836120450049
11:40:00	14500.0	0	0.000836120450049
11:40:10	-34600.0	0	-0.000836120450049
11:40:20	12200.0	0	0.000836120450049
11:40:30	131800.0	1	0.000835421936642
11:40:40	-9000.0	0	0.0
11:40:50	-33000.0	-1	-0.000835421936642
11:41:00	7400.0	0	0.0
11:41:10	10300.0	1	0.000835421936642
11:41:20	-9500.0	-1	-0.000835421936642
11:41:30	-7100.0	0	0.0
11:41:40	-7500.0	0	0.0
11:41:50	31600.0	0	0.0
11:42:00	-56500.0	0	-0.000836120450049
11:42:10	-6700.0	0	0.0
11:42:20	13800.0	0	0.0
11:42:30	-2500.0	0	0.0
11:42:40	-200.0	0	0.0
11:42:50	-500.0	0	0.0
11:43:00	-7400.0	0	0.0
11:43:10	600.0	0	0.0
11:43:20	-26300.0	0	0.0
11:43:30	-189900.0	-2	-0.00167434111949
11:43:40	-11900.0	0	0.0
11:43:50	-80100.0	0	0.0
11:44:00	-48600.0	0	-0.000838223016388
11:44:10	-5200.0	0	0.0
11:44:20	31700.0	0	0.000838223016388
11:44:30	-700.0	0	0.0
11:44:40	-30200.0	0	-0.000419023680969
11:44:50	-39000.0	0	-0.00041919933542
11:45:00	-21900.0	-1	-0.0008389262237
11:45:10	-19400.0	0	0.0
11:45:20	-80700.0	0	0.0
11:45:30	42000.0	0	0.0
11:45:40	2400.0	0	0.0
11:45:50	60600.0	1	0.0008389262237
11:46:00	-47700.0	0	0.0
11:46:10	-1700.0	0	0.0
11:46:20	-5300.0	0	0.0
11:46:30	4100.0	0	0.0
11:46:40	14000.0	0	0.0
11:46:50	67700.0	0	0.000838223016388
11:47:00	4200.0	0	0.0
11:47:10	2800.0	0	0.0
11:47:20	-31800.0	0	-0.000838223016388
11:47:30	43200.0	0	0.000838223016388
11:47:40	2600.0	0	0.0
11:47:50	27500.0	0	0.0
11:48:00	-16700.0	0	0.0
11:48:10	12100.0	0	0.0
11:48:20	102500.0	1	0.00083752098698
11:48:30	15700.0	0	0.0
11:48:40	95100.0	0	0.000836820132515
11:48:50	204200.0	0	0.000836120450049
11:49:00	-13400.0	0	0.0
11:49:10	-7300.0	0	0.0
11:49:20	-73000.0	0	-0.000836120450049
11:49:30	117500.0	0	0.000836120450049
11:49:40	-1700.0	0	0.0
11:49:50	-1000.0	0	0.0
11:50:00	200.0	0	0.0
11:50:10	-24400.0	0	-0.000836120450049
11:50:20	-15500.0	0	0.0
11:50:30	-88100.0	0	0.0
11:50:40	-7300.0	0	0.0
11:50:50	15800.0	0	0.0
11:51:00	89900.0	1	0.00125391865959
11:51:10	12200.0	0	0.000417623727097
11:51:20	119700.0	0	0.000834724589369
11:51:30	8800.0	0	0.0
11:51:40	11400.0	0	0.0
11:51:50	17900.0	0	0.0
11:52:00	-2500.0	0	0.0
11:52:10	-27900.0	0	0.0
11:52:20	15800.0	0	0.0
11:52:30	8600.0	0	0.0
11:52:40	18200.0	0	0.0
11:52:50	-10000.0	0	0.0
11:53:00	1200.0	0	0.0
11:53:10	-4100.0	0	0.0
11:53:20	74900.0	1	0.00083402840531
11:53:30	-9200.0	0	0.0
11:53:40	163600.0	1	0.00166597289677
11:53:50	68800.0	0	0.000831946803392
11:54:00	36900.0	0	0.0
11:54:10	-41200.0	0	0.0
11:54:20	9800.0	0	0.0
11:54:30	33500.0	0	0.0
11:54:40	9900.0	0	0.0
11:54:50	52400.0	1	0.000831255243211
11:55:00	7400.0	0	0.0
11:55:10	-600.0	0	0.0
11:55:20	-7700.0	0	0.0
11:55:30	-3400.0	0	0.0
11:55:40	25900.0	0	0.000830564831799
11:55:50	-193800.0	-2	-0.00166182007501
11:56:00	-29600.0	0	-0.000831946803393
11:56:10	-39900.0	-1	-0.000832639515216
11:56:20	8600.0	0	0.0
11:56:30	38700.0	1	0.000832639515216
11:56:40	81800.0	0	0.000831946803392
11:56:50	-14900.0	0	0.0
11:57:00	-4300.0	0	0.0
11:57:10	10300.0	0	0.0
11:57:20	13700.0	0	0.0
11:57:30	-211800.0	-1	-0.00166458631861
11:57:40	-54000.0	0	-0.000833333381558
11:57:50	-16700.0	0	0.0
11:58:00	-7500.0	0	0.0
11:58:10	-13600.0	0	0.0
11:58:20	-17500.0	0	0.0
11:58:30	-86400.0	-1	-0.00083402840531
11:58:40	-74800.0	0	-0.000834724589369
11:58:50	-19900.0	0	0.0
11:59:00	-56400.0	-1	-0.000835421936642
11:59:10	31500.0	0	0.0
11:59:20	56700.0	1	0.000835421936642
11:59:30	-15500.0	0	0.0
11:59:40	37100.0	0	0.000834724589369
11:59:50	6100.0	0	-0.000417275199044
12:00:00	19300.0	0	0.000417275199044
12:00:10	-30300.0	0	-0.000834724589369
12:00:20	-20700.0	0	0.0
12:00:30	19500.0	0	0.0
12:00:40	8100.0	0	0.0
12:00:50	88800.0	0	0.000834724589369
12:01:00	41800.0	0	0.0
12:01:10	-4600.0	0	0.0
12:01:20	3700.0	0	0.0
12:01:30	-100.0	0	0.0
12:01:40	2800.0	0	0.0
12:01:50	-3200.0	0	0.0
12:02:00	-22100.0	0	0.0
12:02:10	-12400.0	0	0.0
12:02:20	13800.0	0	0.0
12:02:30	4900.0	0	0.0
12:02:40	1800.0	0	0.0
12:02:50	-200.0	0	0.0
12:03:00	7000.0	0	0.0
12:03:10	-72400.0	0	0.0
12:03:20	-1200.0	0	0.0
12:03:30	1900.0	0	0.0
12:03:40	9100.0	0	0.0
12:03:50	11200.0	0	0.0
12:04:00	3400.0	0	0.0
12:04:10	148100.0	1	0.00083402840531
12:04:20	26300.0	0	0.0
12:04:30	16300.0	0	0.0
12:04:40	-16400.0	0	0.0
12:04:50	38800.0	0	0.0
12:05:00	10200.0	0	0.0
12:05:10	42500.0	0	0.0
12:05:20	-5800.0	0	0.0
12:05:30	12900.0	0	0.0
12:05:40	2200.0	0	0.0
12:05:50	-7600.0	0	0.0
12:06:00	-4800.0	0	0.0
12:06:10	5200.0	0	0.0
12:06:20	3700.0	0	0.0
12:06:30	-4900.0	0	0.0
12:06:40	-2800.0	0	0.0
12:06:50	84900.0	0	0.000833333381558
12:07:00	-99200.0	-1	-0.00166736178687
12:07:10	-4500.0	0	0.0
12:07:20	-10800.0	0	0.0
12:07:30	1400.0	0	0.0
12:07:40	-71600.0	0	0.0
12:07:50	-8000.0	0	0.0
12:08:00	-12400.0	0	0.0
12:08:10	9500.0	0	0.0
12:08:20	-900.0	0	0.0
12:08:30	5600.0	0	0.0
12:08:40	6600.0	0	0.0
12:08:50	-59900.0	0	0.0
12:09:00	12800.0	0	0.0
12:09:10	-1700.0	0	0.0
12:09:20	22700.0	0	0.0
12:09:30	44400.0	1	0.00083402840531
12:09:40	14800.0	0	0.0
12:09:50	-6600.0	0	0.0
12:10:00	-13400.0	0	0.0
12:10:10	4700.0	0	0.0
12:10:20	-24500.0	0	0.0
12:10:30	25100.0	0	0.0
12:10:40	1300.0	0	0.0
12:10:50	24100.0	0	0.0
12:11:00	-13800.0	0	0.0
12:11:10	-4700.0	0	0.0
12:11:20	3900.0	0	0.0
12:11:30	3300.0	0	0.0
12:11:40	14200.0	0	0.0
12:11:50	155200.0	0	0.000833333381558
12:12:00	52400.0	0	0.0
12:12:10	29000.0	1	0.000832639515216
12:12:20	-27300.0	-1	-0.000832639515216
12:12:30	15700.0	0	0.0
12:12:40	20100.0	1	0.000832639515216
12:12:50	-7800.0	-1	-0.000832639515216
12:13:00	153300.0	1	0.000832639515216
12:13:10	5000.0	0	0.0
12:13:20	13900.0	0	0.000831946803392
12:13:30	28300.0	0	0.0
12:13:40	-81800.0	0	-0.000831946803393
12:13:50	61400.0	0	0.000831946803392
12:14:00	262600.0	1	0.000831255243211
12:14:10	21100.0	0	0.0
12:14:20	6300.0	0	0.0
12:14:30	51400.0	0	0.000830564831799
12:14:40	3900.0	0	0.0
12:14:50	42400.0	0	0.0
12:15:00	-4200.0	0	0.0
12:15:10	4400.0	0	0.0
12:15:20	-1700.0	0	0.0
12:15:30	1400.0	0	0.0
12:15:40	-3200.0	0	0.0
12:15:50	3500.0	0	0.0
12:16:00	-4800.0	0	0.0
12:16:10	-7500.0	0	0.0
12:16:20	-27000.0	0	-0.000830564831799
12:16:30	-24400.0	0	0.0
12:16:40	-2400.0	0	0.0
12:16:50	-9200.0	0	0.0
12:17:00	5100.0	0	0.0
12:17:10	-42700.0	0	0.0
12:17:20	-26600.0	0	0.0
12:17:30	-164200.0	-1	-0.0016632020466
12:17:40	-5000.0	0	0.0
12:17:50	-26800.0	-1	-0.000832639515216
12:18:00	700.0	0	0.0
12:18:10	-17500.0	0	0.0
12:18:20	200.0	0	0.0
12:18:30	100.0	0	0.0
12:18:40	3200.0	0	0.0
12:18:50	-12400.0	0	0.0
12:19:00	-800.0	0	0.0
12:19:10	900.0	0	0.0
12:19:20	40800.0	0	0.000416406418676
12:19:30	18700.0	0	0.00041623309654
12:19:40	900.0	0	0.0
12:19:50	-3200.0	0	0.0
12:20:00	-37800.0	-1	-0.000832639515216
12:20:10	-16700.0	0	0.0
12:20:20	15000.0	0	0.0
12:20:30	2700.0	0	0.0
12:20:40	-14600.0	0	0.0
12:20:50	-500.0	0	0.0
12:21:00	7800.0	0	0.0
12:21:10	-35200.0	0	0.0
12:21:20	100.0	0	0.0
12:21:30	400.0	0	0.0
12:21:40	-200.0	0	0.0
12:21:50	1700.0	0	0.0
12:22:00	2500.0	0	0.0
12:22:10	53800.0	1	0.000832639515216
12:22:20	2800.0	0	0.0
12:22:30	600.0	0	0.0
12:22:40	100.0	0	0.0
12:22:50	3800.0	0	0.0
12:23:00	-1000.0	0	0.0
12:23:10	40300.0	0	0.000831946803392
12:23:20	-25900.0	0	-0.000831946803393
12:23:30	8900.0	0	0.000831946803392
12:23:40	82100.0	0	0.000415713994763
12:23:50	9300.0	0	0.000415541248448
12:24:00	-2300.0	-1	-0.00083125524321
12:24:10	-5600.0	0	0.0
12:24:20	9900.0	0	0.0
12:24:30	-26800.0	0	-0.000415886884763
12:24:40	-7500.0	0	0.0
12:24:50	11100.0	0	0.000415886884763
12:25:00	100.0	0	0.0
12:25:10	39100.0	1	0.000831255243211
12:25:20	-23100.0	-1	-0.00083125524321
12:25:30	-5500.0	0	0.0
12:25:40	3100.0	0	0.0
12:25:50	-9400.0	0	0.0
12:26:00	-20600.0	0	-0.000831946803393
12:26:10	-8200.0	0	0.0
12:26:20	-20000.0	-1	-0.000832639515216
12:26:30	11900.0	0	0.000416406418676
12:26:40	-2300.0	0	-0.000416406418676
12:26:50	-19300.0	0	0.0
12:27:00	32600.0	1	0.000832639515216
12:27:10	9600.0	0	0.0
12:27:20	-2000.0	0	0.0
12:27:30	100.0	-1	-0.000832639515216
12:27:40	8200.0	0	0.000416406418676
12:27:50	7600.0	0	0.00041623309654
12:28:00	4200.0	0	0.0
12:28:10	-7300.0	0	0.0
12:28:20	5600.0	0	0.0
12:28:30	-1900.0	0	0.0
12:28:40	-300.0	0	0.0
12:28:50	700.0	0	0.0
12:29:00	6300.0	0	0.0
12:29:10	18200.0	0	0.0
12:29:20	1200.0	0	0.0
12:29:30	59600.0	0	0.000831946803392
12:29:40	-11000.0	0	0.0
12:29:50	20300.0	0	0.0
12:30:00	-53500.0	0	-0.000831946803393
12:30:10	-2400.0	0	0.0
12:30:20	1500.0	0	0.0
12:30:30	42400.0	0	0.000831946803392
12:30:40	-3100.0	0	0.0
12:30:50	-22800.0	0	-0.000831946803393
12:31:00	-23500.0	0	0.0
12:31:10	1300.0	0	0.0
12:31:20	40900.0	0	0.000831946803392
12:31:30	27800.0	0	0.0
12:31:40	-17500.0	0	0.0
12:31:50	66800.0	1	0.000831255243211
12:32:00	5100.0	0	0.0
12:32:10	0.0	0	0.0
12:32:20	-5100.0	0	0.0
12:32:30	14200.0	0	0.0
12:32:40	7300.0	0	0.0
12:32:50	2800.0	0	0.0
12:33:00	20000.0	0	0.0
12:33:10	125600.0	0	0.000830564831799
12:33:20	51500.0	0	0.0
12:33:30	-6700.0	0	0.0
12:33:40	-93100.0	0	-0.000830564831799
12:33:50	51900.0	0	0.000830564831799
12:34:00	-26700.0	0	-0.000830564831799
12:34:10	-20300.0	0	0.0
12:34:20	34900.0	0	0.000830564831799
12:34:30	-44400.0	0	-0.000830564831799
12:34:40	1300.0	0	0.0
12:34:50	800.0	0	0.0
12:35:00	40000.0	0	0.000830564831799
12:35:10	13800.0	0	0.0
12:35:20	12700.0	0	0.0
12:35:30	-50800.0	0	-0.000830564831799
12:35:40	12500.0	0	0.0
12:35:50	14000.0	0	0.0
12:36:00	1000.0	0	0.0
12:36:10	-32500.0	0	0.0
12:36:20	-47400.0	-1	-0.00083125524321
12:36:30	-100.0	0	0.0
12:36:40	-500.0	0	0.0
12:36:50	-18300.0	0	0.0
12:37:00	7700.0	0	0.0
12:37:10	0.0	0	0.0
12:37:20	200.0	0	0.0
12:37:30	900.0	0	0.0
12:37:40	5100.0	0	0.0
12:37:50	-400.0	0	0.0
12:38:00	-400.0	0	0.0
12:38:10	-3800.0	0	0.0
12:38:20	-1600.0	0	0.0
12:38:30	1000.0	0	0.0
12:38:40	-21000.0	0	-0.000831946803393
12:38:50	17700.0	0	0.0
12:39:00	-1700.0	0	0.0
12:39:10	16800.0	0	0.0
12:39:20	5200.0	0	0.0
12:39:30	3500.0	0	0.0
12:39:40	-700.0	0	0.0
12:39:50	67500.0	0	0.000831946803392
12:40:00	20300.0	0	0.0
12:40:10	-19600.0	0	0.0
12:40:20	-6200.0	0	0.0
12:40:30	17400.0	0	0.0
12:40:40	24600.0	1	0.000831255243211
12:40:50	-12900.0	0	0.0
12:41:00	35600.0	0	0.0
12:41:10	11900.0	0	0.0
12:41:20	-3500.0	0	0.0
12:41:30	1800.0	0	0.0
12:41:40	-16700.0	0	0.0
12:41:50	100.0	0	0.0
12:42:00	-8300.0	0	0.0
12:42:10	20800.0	0	0.0
12:42:20	-10600.0	0	0.0
12:42:30	0.0	0	0.0
12:42:40	59000.0	0	0.000830564831799
12:42:50	3200.0	0	0.0
12:43:00	-500.0	0	0.0
12:43:10	4300.0	0	0.0
12:43:20	-37200.0	0	-0.000830564831799
12:43:30	-54100.0	0	0.0
12:43:40	-4400.0	0	0.0
12:43:50	-9400.0	0	0.0
12:44:00	-2400.0	0	0.0
12:44:10	-4000.0	0	0.0
12:44:20	-2800.0	0	0.0
12:44:30	-45900.0	-1	-0.00083125524321
12:44:40	-1700.0	0	0.0
12:44:50	100.0	0	0.0
12:45:00	-21500.0	0	0.0
12:45:10	25100.0	0	0.0
12:45:20	-39700.0	0	0.0
12:45:30	-8700.0	0	0.0
12:45:40	8400.0	0	0.0
12:45:50	1500.0	0	0.0
12:46:00	97000.0	1	0.000831255243211
12:46:10	-30200.0	-1	-0.00083125524321
12:46:20	-55500.0	0	-0.000831946803393
12:46:30	-11100.0	0	0.0
12:46:40	-12300.0	0	0.0
12:46:50	4400.0	0	0.0
12:47:00	-6000.0	0	0.0
12:47:10	-1300.0	0	0.0
12:47:20	-300.0	0	0.0
12:47:30	67500.0	0	0.000831946803392
12:47:40	10900.0	0	0.0
12:47:50	5300.0	0	0.0
12:48:00	4600.0	0	0.0
12:48:10	6200.0	0	0.0
12:48:20	200.0	0	0.0
12:48:30	50300.0	1	0.000831255243211
12:48:40	-18500.0	-1	-0.00083125524321
12:48:50	22300.0	1	0.000831255243211
12:49:00	-12100.0	-1	-0.00083125524321
12:49:10	500.0	0	0.0
12:49:20	-5400.0	0	0.0
12:49:30	500.0	0	0.0
12:49:40	-100.0	0	0.0
12:49:50	-4900.0	0	0.0
12:50:00	-12100.0	0	0.0
12:50:10	-73300.0	0	-0.000831946803393
12:50:20	15700.0	0	0.0
12:50:30	-3200.0	0	0.0
12:50:40	7400.0	0	0.0
12:50:50	500.0	0	0.0
12:51:00	36200.0	0	0.000831946803392
12:51:10	-25200.0	0	-0.000831946803393
12:51:20	-2300.0	0	0.0
12:51:30	36700.0	0	0.000831946803392
12:51:40	-6900.0	0	0.0
12:51:50	8500.0	0	0.0
12:52:00	100.0	0	0.0
12:52:10	-28900.0	0	0.0
12:52:20	1300.0	0	0.0
12:52:30	-7500.0	0	0.0
12:52:40	15600.0	0	0.0
12:52:50	10900.0	0	0.0
12:53:00	-14500.0	0	0.0
12:53:10	4600.0	0	0.0
12:53:20	-9800.0	0	0.0
12:53:30	19000.0	0	0.0
12:53:40	1600.0	0	0.0
12:53:50	14500.0	0	0.0
12:54:00	1100.0	0	0.0
12:54:10	14100.0	0	0.0
12:54:20	-1100.0	0	0.0
12:54:30	-400.0	0	0.0
12:54:40	13000.0	0	0.0
12:54:50	6900.0	0	0.0
12:55:00	34400.0	0	0.0
12:55:10	-2100.0	0	0.0
12:55:20	-18400.0	0	0.0
12:55:30	-15200.0	0	0.0
12:55:40	69000.0	1	0.000831255243211
12:55:50	-20800.0	0	0.0
12:56:00	4000.0	-1	-0.00083125524321
12:56:10	-400.0	0	0.0
12:56:20	-2500.0	0	0.0
12:56:30	-1400.0	0	0.0
12:56:40	-7900.0	0	0.0
12:56:50	-4800.0	0	0.0
12:57:00	13100.0	0	0.0
12:57:10	-30400.0	0	0.0
12:57:20	200.0	0	0.0
12:57:30	-29400.0	0	0.0
12:57:40	-41000.0	0	-0.000831946803393
12:57:50	30700.0	0	0.0
12:58:00	-1500.0	0	0.0
12:58:10	43500.0	0	0.000831946803392
12:58:20	15300.0	0	0.0
12:58:30	500.0	0	0.0
12:58:40	0.0	0	0.0
12:58:50	6100.0	0	0.0
12:59:00	1800.0	0	0.0
12:59:10	1600.0	0	0.0
12:59:20	-24200.0	0	0.0
12:59:30	-28000.0	0	0.0
12:59:40	-29800.0	0	-0.000831946803393
12:59:50	51700.0	0	0.000831946803392
13:00:00	-13600.0	0	0.0
13:00:10	1100.0	0	0.0
13:00:20	-12800.0	0	0.0
13:00:30	-1000.0	0	0.0
13:00:40	5500.0	0	0.0
13:00:50	6200.0	0	0.0
13:01:00	-25300.0	0	0.0
13:01:10	-1500.0	0	0.0
13:01:20	148100.0	1	0.000831255243211
13:01:30	4100.0	0	0.0
13:01:40	5400.0	0	0.0
13:01:50	600.0	0	0.0
13:02:00	900.0	0	0.0
13:02:10	-8400.0	0	0.0
13:02:20	-600.0	0	0.0
13:02:30	-1900.0	0	0.0
13:02:40	-4200.0	0	0.0
13:02:50	27500.0	0	0.0
13:03:00	-22900.0	0	0.0
13:03:10	-5900.0	0	0.0
13:03:20	-28700.0	0	0.0
13:03:30	5200.0	0	0.0
13:03:40	6100.0	0	0.0
13:03:50	-6100.0	0	0.0
13:04:00	-400.0	0	0.0
13:04:10	-3700.0	0	0.0
13:04:20	7400.0	0	0.0
13:04:30	2000.0	0	0.0
13:04:40	100.0	0	0.0
13:04:50	-1800.0	0	0.0
13:05:10	-4600.0	0	0.0
13:05:20	-23400.0	0	0.0
13:05:30	4700.0	0	0.0
13:05:40	200.0	0	0.0
13:05:50	23000.0	0	0.0
13:06:00	1400.0	0	0.0
13:06:10	-600.0	0	0.0
13:06:20	-1600.0	0	0.0
13:06:30	700.0	0	0.0
13:06:40	11000.0	0	0.0
13:06:50	129900.0	0	0.0
13:07:00	-13900.0	0	0.0
13:07:10	-1400.0	0	0.0
13:07:20	5200.0	0	0.0
13:07:30	6400.0	0	0.0
13:07:40	800.0	0	0.0
13:07:50	77100.0	0	0.000830564831799
13:08:00	186400.0	0	0.0
13:08:10	-5000.0	0	0.0
13:08:20	-10300.0	0	0.0
13:08:30	2900.0	0	0.0
13:08:40	28100.0	0	0.0
13:08:50	-12900.0	0	0.0
13:09:00	-11500.0	0	0.0
13:09:10	0.0	0	0.0
13:09:20	100.0	0	0.0
13:09:30	27000.0	0	0.0
13:09:40	-8800.0	0	0.0
13:09:50	-81300.0	0	0.0
13:10:00	5400.0	0	0.0
13:10:10	42000.0	0	0.0
13:10:20	400.0	0	0.0
13:10:30	600.0	0	0.0
13:10:40	3500.0	0	0.0
13:10:50	-7500.0	0	0.0
13:11:00	-2000.0	0	0.0
13:11:10	-29300.0	0	0.0
13:11:20	-1700.0	0	0.0
13:11:30	28500.0	0	0.0
13:11:40	-60700.0	0	-0.000830564831799
13:11:50	-9900.0	0	0.0
13:12:00	69200.0	0	0.000830564831799
13:12:10	-31300.0	0	0.0
13:12:20	-19200.0	0	-0.000830564831799
13:12:30	-5400.0	0	0.0
13:12:40	9200.0	0	0.0
13:12:50	78700.0	0	0.000830564831799
13:13:00	1300.0	0	0.0
13:13:10	-17700.0	0	0.0
13:13:20	-22300.0	0	-0.000830564831799
13:13:30	3700.0	0	0.000830564831799
13:13:40	7500.0	0	0.0
13:13:50	-35700.0	0	-0.000830564831799
13:14:00	1000.0	0	0.0
13:14:10	-13300.0	0	0.0
13:14:20	5400.0	0	0.0
13:14:30	-6700.0	0	0.0
13:14:40	-77700.0	-1	-0.00083125524321
13:14:50	-8100.0	0	0.0
13:15:00	-900.0	0	0.0
13:15:10	-9600.0	0	0.0
13:15:20	4700.0	0	0.0
13:15:30	-1100.0	0	0.0
13:15:40	-3200.0	0	0.0
13:15:50	-800.0	0	0.0
13:16:00	-6400.0	0	0.0
13:16:10	-77700.0	0	-0.000831946803393
13:16:20	-2000.0	0	0.0
13:16:30	-15100.0	0	0.0
13:16:40	4000.0	0	0.0
13:16:50	-100.0	0	0.0
13:17:00	-2700.0	0	0.0
13:17:10	-12800.0	0	0.0
13:17:20	-3800.0	0	0.0
13:17:30	400.0	0	0.0
13:17:40	200.0	0	0.0
13:17:50	6700.0	0	0.0
13:18:00	-600.0	0	0.0
13:18:10	-29600.0	0	0.0
13:18:20	4300.0	0	0.0
13:18:30	35300.0	0	0.0
13:18:40	300.0	0	0.0
13:18:50	-12000.0	0	0.0
13:19:00	3400.0	0	0.0
13:19:10	-19900.0	0	0.0
13:19:20	600.0	0	0.0
13:19:30	-5500.0	0	0.0
13:19:40	1300.0	0	0.0
13:19:50	-3800.0	0	0.0
13:20:00	-2600.0	0	0.0
13:20:10	3000.0	0	0.0
13:20:20	-83900.0	0	0.0
13:20:30	-24400.0	0	0.0
13:20:40	3400.0	0	0.0
13:20:50	8300.0	0	0.0
13:21:00	-4400.0	0	0.0
13:21:10	3700.0	0	0.0
13:21:20	87000.0	0	0.0
13:21:30	62500.0	0	0.000831946803392
13:21:40	-1500.0	0	0.0
13:21:50	4200.0	0	0.0
13:22:00	-62700.0	0	-0.000831946803393
13:22:10	10200.0	0	0.0
13:22:20	-2200.0	0	0.0
13:22:30	700.0	0	0.0
13:22:40	-600.0	0	0.0
13:22:50	-3400.0	0	0.0
13:23:00	-9900.0	0	0.0
13:23:10	-1900.0	0	0.0
13:23:20	-4800.0	0	0.0
13:23:30	900.0	0	0.0
13:23:40	21700.0	0	0.0
13:23:50	31800.0	0	0.000831946803392
13:24:00	-4700.0	0	0.0
13:24:10	-21000.0	0	0.0
13:24:20	-37700.0	0	-0.000831946803393
13:24:30	3000.0	0	0.0
13:24:40	9100.0	0	0.0
13:24:50	100.0	0	0.0
13:25:00	-6200.0	0	0.0
13:25:10	900.0	0	0.0
13:25:20	4700.0	0	0.0
13:25:30	-700.0	0	0.0
13:25:40	-96200.0	0	0.0
13:25:50	-19700.0	0	0.0
13:26:00	-3000.0	0	0.0
13:26:10	-10500.0	0	0.0
13:26:20	2000.0	0	0.0
13:26:30	-70200.0	-1	-0.000832639515216
13:26:40	-15800.0	0	0.0
13:26:50	-1800.0	0	0.0
13:27:00	8200.0	0	0.0
13:27:10	14800.0	0	0.0
13:27:20	1700.0	0	0.0
13:27:30	20600.0	1	0.000832639515216
13:27:40	-34600.0	-1	-0.000832639515216
13:27:50	6100.0	0	0.0
13:28:00	2300.0	0	0.0
13:28:10	-15200.0	0	0.0
13:28:20	-2100.0	0	0.0
13:28:30	-1300.0	0	0.0
13:28:40	-300.0	0	0.0
13:28:50	6500.0	0	0.0
13:29:00	500.0	0	0.0
13:29:10	-92200.0	0	0.0
13:29:20	-200.0	0	0.0
13:29:30	0.0	0	0.0
13:29:40	-6800.0	0	0.0
13:29:50	-4900.0	0	0.0
13:30:00	-2000.0	0	0.0
13:30:10	-7300.0	0	0.0
13:30:20	-17100.0	0	0.0
13:30:30	-1900.0	0	0.0
13:30:40	-173100.0	0	-0.000833333381558
13:30:50	-168300.0	-1	-0.00083402840531
13:31:00	-41000.0	0	0.0
13:31:10	300.0	0	0.0
13:31:20	-19700.0	0	0.0
13:31:30	8900.0	0	0.0
13:31:40	4200.0	0	0.0
13:31:50	2900.0	0	0.0
13:32:00	-7000.0	0	0.0
13:32:10	-7600.0	0	0.0
13:32:20	-300.0	0	0.0
13:32:30	16700.0	0	0.0
13:32:40	37500.0	0	0.0
13:32:50	40300.0	1	0.00083402840531
13:33:00	-8700.0	0	0.0
13:33:10	-23000.0	0	0.0
13:33:20	9200.0	0	0.0
13:33:30	76800.0	0	0.0
13:33:40	300.0	0	0.0
13:33:50	37400.0	0	0.000833333381558
13:34:00	67200.0	0	0.0
13:34:10	1000.0	0	0.0
13:34:20	3200.0	0	0.0
13:34:30	-22100.0	0	-0.000833333381558
13:34:40	-14400.0	0	0.0
13:34:50	-7000.0	0	0.0
13:35:00	9300.0	0	0.0
13:35:10	-5900.0	0	0.0
13:35:20	-14300.0	0	0.0
13:35:30	-500.0	0	0.0
13:35:40	-26300.0	0	0.0
13:35:50	50500.0	0	0.0
13:36:00	-19200.0	0	0.0
13:36:10	-96300.0	-1	-0.00083402840531
13:36:20	-91400.0	0	0.0
13:36:30	8900.0	0	0.0
13:36:40	-20500.0	0	0.0
13:36:50	-20000.0	0	0.0
13:37:00	17100.0	0	0.0
13:37:10	-1100.0	0	0.0
13:37:20	3500.0	0	0.0
13:37:30	-81900.0	0	-0.000834724589369
13:37:40	5700.0	0	0.0
13:37:50	1000.0	0	0.0
13:38:00	-18900.0	0	0.0
13:38:10	5000.0	0	0.0
13:38:20	3300.0	0	0.0
13:38:30	54600.0	0	0.000834724589369
13:38:40	-10400.0	0	-0.000834724589369
13:38:50	2800.0	0	0.0
13:39:00	-33000.0	0	0.0
13:39:10	4600.0	0	0.0
13:39:20	1800.0	0	0.0
13:39:30	-4200.0	0	0.0
13:39:40	400.0	0	0.0
13:39:50	1100.0	0	0.0
13:40:00	88400.0	1	0.00125182574244
13:40:10	-19100.0	0	-0.000417101153075
13:40:20	-300.0	0	0.0
13:40:30	4200.0	0	0.0
13:40:40	-600.0	0	0.0
13:40:50	100.0	0	0.0
13:41:00	-3900.0	0	0.0
13:41:10	0.0	0	0.0
13:41:20	-9000.0	0	0.0
13:41:30	24500.0	0	0.0
13:41:40	2100.0	0	0.0
13:41:50	22900.0	0	0.0
13:42:00	-700.0	0	0.0
13:42:10	33900.0	0	0.0
13:42:20	-18000.0	0	0.0
13:42:30	15500.0	0	0.0
13:42:40	-14100.0	0	0.0
13:42:50	-9900.0	0	0.0
13:43:00	10600.0	0	0.0
13:43:10	33300.0	0	0.0
13:43:20	-6200.0	0	0.0
13:43:30	22400.0	0	0.0
13:43:40	50200.0	1	0.00083402840531
13:43:50	-13000.0	0	0.0
13:44:00	-40900.0	-1	-0.00083402840531
13:44:10	7700.0	0	0.0
13:44:20	1300.0	0	0.0
13:44:30	9600.0	0	0.0
13:44:40	-3500.0	0	0.0
13:44:50	500.0	0	0.0
13:45:00	-6800.0	0	-0.000834724589369
13:45:10	13300.0	0	0.000834724589369
13:45:20	-2300.0	0	0.0
13:45:30	90900.0	1	0.00083402840531
13:45:40	9300.0	0	0.0
13:45:50	-300.0	0	0.0
13:46:00	-1000.0	0	0.0
13:46:10	13100.0	0	0.0
13:46:20	-5800.0	0	0.0
13:46:30	600.0	0	0.0
13:46:40	900.0	0	0.0
13:46:50	7400.0	0	0.0
13:47:00	8200.0	0	0.0
13:47:10	-1500.0	0	0.0
13:47:20	106700.0	0	0.000833333381558
13:47:30	-2500.0	0	0.0
13:47:40	0.0	0	0.0
13:47:50	-2500.0	0	0.0
13:48:00	11100.0	0	0.0
13:48:10	8400.0	0	0.0
13:48:20	-34600.0	0	0.0
13:48:30	10300.0	0	0.0
13:48:40	-3900.0	0	0.0
13:48:50	-500.0	0	0.0
13:49:00	4000.0	0	0.0
13:49:10	-34800.0	0	-0.000833333381558
13:49:20	5000.0	0	0.0
13:49:30	-200.0	0	0.0
13:49:40	3500.0	0	0.0
13:49:50	2100.0	0	0.0
13:50:00	-1300.0	0	0.0
13:50:10	19900.0	0	0.0
13:50:20	42800.0	0	0.000833333381558
13:50:30	21600.0	0	0.0
13:50:40	29800.0	0	0.0
13:50:50	297000.0	1	0.00166458631861
13:51:00	4800.0	0	0.0
13:51:10	-42000.0	0	-0.000831946803393
13:51:20	94300.0	0	0.000831946803392
13:51:30	-1100.0	0	0.0
13:51:40	-94800.0	0	-0.000831946803393
13:51:50	10500.0	0	0.0
13:52:00	-11900.0	0	0.0
13:52:10	-36400.0	-1	-0.000832639515216
13:52:20	19600.0	1	0.000832639515216
13:52:30	-49600.0	-1	-0.000832639515216
13:52:40	10600.0	0	0.0
13:52:50	-26500.0	0	0.0
13:53:00	100.0	0	0.0
13:53:10	-1300.0	0	0.0
13:53:20	5500.0	0	0.0
13:53:30	-10800.0	0	0.0
13:53:40	3700.0	0	0.0
13:53:50	14000.0	0	0.0
13:54:00	7000.0	0	0.0
13:54:10	-5400.0	0	0.0
13:54:20	23600.0	0	0.0
13:54:30	-11400.0	0	0.0
13:54:40	24600.0	0	0.0
13:54:50	21400.0	1	0.000832639515216
13:55:00	2300.0	0	0.0
13:55:10	-9500.0	0	0.0
13:55:20	-700.0	0	0.0
13:55:30	100.0	0	0.0
13:55:40	-8100.0	0	0.0
13:55:50	5900.0	0	0.0
13:56:00	-900.0	0	0.0
13:56:10	-5000.0	0	0.0
13:56:20	-100.0	0	0.0
13:56:30	8000.0	0	0.0
13:56:40	1000.0	0	0.0
13:56:50	-1200.0	0	0.0
13:57:00	-6300.0	0	0.0
13:57:10	-900.0	0	0.0
13:57:20	21300.0	0	0.0
13:57:30	-16300.0	0	0.0
13:57:40	5700.0	0	0.0
13:57:50	-108700.0	0	0.0
13:58:00	-1700.0	0	0.0
13:58:10	-85900.0	-1	-0.000832639515216
13:58:20	-1400.0	0	0.0
13:58:30	-6100.0	0	0.0
13:58:40	10100.0	0	0.0
13:58:50	-20800.0	0	0.0
13:59:00	9900.0	0	0.0
13:59:10	-4800.0	0	0.0
13:59:20	8100.0	0	0.0
13:59:30	-1400.0	0	0.0
13:59:40	200.0	0	0.0
13:59:50	43300.0	0	0.0
14:00:00	-8600.0	0	0.0
14:00:10	57900.0	0	0.0
14:00:20	-4500.0	0	0.0
14:00:30	2600.0	0	0.0
14:00:40	114300.0	1	0.000832639515216
14:00:50	-22400.0	0	0.0
14:01:00	-47200.0	0	0.0
14:01:10	15700.0	0	0.0
14:01:20	-23600.0	0	0.0
14:01:30	19700.0	0	0.0
14:01:40	-1600.0	0	0.0
14:01:50	9500.0	0	0.0
14:02:00	27700.0	0	0.0
14:02:10	2200.0	0	0.0
14:02:20	8000.0	0	0.0
14:02:30	7100.0	0	0.0
14:02:40	-200.0	0	0.0
14:02:50	37500.0	0	0.0
14:03:00	142300.0	0	0.0
14:03:10	-137100.0	0	0.0
14:03:20	4300.0	0	0.0
14:03:30	-21800.0	0	0.0
14:03:40	141200.0	0	0.000831946803392
14:03:50	-1800.0	0	0.0
14:04:00	50700.0	0	0.0
14:04:10	4000.0	0	0.0
14:04:20	2100.0	0	0.0
14:04:30	-57300.0	0	0.0
14:04:40	-3600.0	0	0.0
14:04:50	-900.0	0	0.0
14:05:00	6200.0	0	0.0
14:05:10	-1300.0	0	0.0
14:05:20	-7500.0	0	0.0
14:05:30	1000.0	0	0.0
14:05:40	4800.0	0	0.0
14:05:50	11000.0	0	0.0
14:06:00	8000.0	0	0.0
14:06:10	2800.0	0	0.0
14:06:20	-1200.0	0	0.0
14:06:30	200.0	0	0.0
14:06:40	10000.0	0	0.0
14:06:50	16500.0	0	0.0
14:07:00	-12800.0	0	0.0
14:07:10	-5400.0	0	0.0
14:07:20	-800.0	0	0.0
14:07:30	-2900.0	0	0.0
14:07:40	-400.0	0	0.0
14:07:50	10000.0	0	0.0
14:08:00	-5100.0	0	0.0
14:08:10	1700.0	0	0.0
14:08:20	-1000.0	0	0.0
14:08:30	-300.0	0	0.0
14:08:40	-200.0	0	0.0
14:08:50	5800.0	0	0.0
14:09:00	3300.0	0	0.0
14:09:10	-13200.0	0	0.0
14:09:20	5300.0	0	0.0
14:09:30	11100.0	0	0.0
14:09:40	5000.0	0	0.0
14:09:50	-24200.0	0	0.0
14:10:00	-4900.0	0	0.0
14:10:10	14500.0	0	0.0
14:10:20	15000.0	0	0.0
14:10:30	2900.0	0	0.0
14:10:40	-12600.0	0	0.0
14:10:50	-400.0	0	0.0
14:11:00	2600.0	0	0.0
14:11:10	-20000.0	0	0.0
14:11:20	4400.0	0	0.0
14:11:30	11400.0	0	0.0
14:11:40	4800.0	0	0.0
14:11:50	19200.0	0	0.0
14:12:00	-3400.0	0	0.0
14:12:10	-4700.0	0	0.0
14:12:20	-200.0	0	0.0
14:12:30	-10100.0	0	0.0
14:12:40	-8500.0	0	0.0
14:12:50	-200.0	0	0.0
14:13:00	-100.0	0	0.0
14:13:10	-800.0	0	0.0
14:13:20	1700.0	0	0.0
14:13:30	-4400.0	0	0.0
14:13:40	-1700.0	0	0.0
14:13:50	-14800.0	0	0.0
14:14:00	13400.0	0	0.0
14:14:10	-13200.0	0	0.0
14:14:20	14600.0	0	0.0
14:14:30	-14300.0	0	0.0
14:14:40	2400.0	0	0.0
14:14:50	1300.0	0	0.0
14:15:00	-9600.0	0	0.0
14:15:10	-900.0	0	0.0
14:15:20	0.0	0	0.0
14:15:30	-600.0	0	0.0
14:15:40	3400.0	0	0.0
14:15:50	300.0	0	0.0
14:16:00	13500.0	0	0.0
14:16:10	237300.0	1	0.000831255243211
14:16:20	-7400.0	0	0.0
14:16:30	7900.0	0	0.0
14:16:40	13300.0	0	0.0
14:16:50	-500.0	0	0.0
14:17:00	-8500.0	0	0.0
14:17:10	9900.0	0	0.0
14:17:20	11700.0	0	0.0
14:17:30	200.0	0	0.0
14:17:40	-6300.0	0	0.0
14:17:50	10500.0	0	0.0
14:18:00	2700.0	0	0.0
14:18:10	500.0	0	0.0
14:18:20	26600.0	0	0.0
14:18:30	45900.0	0	0.0
14:18:40	10900.0	0	0.0
14:18:50	4800.0	0	0.0
14:19:00	-1800.0	0	0.0
14:19:10	-2100.0	0	0.0
14:19:20	-12300.0	0	0.0
14:19:30	-6000.0	0	0.0
14:19:40	500.0	0	0.0
14:19:50	200.0	0	0.0
14:20:00	5500.0	0	0.0
14:20:10	-800.0	0	0.0
14:20:20	15900.0	0	0.0
14:20:30	-12200.0	0	0.0
14:20:40	-9400.0	0	0.0
14:20:50	3800.0	0	0.0
14:21:00	-11800.0	0	0.0
14:21:10	-67200.0	-1	-0.00083125524321
14:21:20	-1700.0	0	0.0
14:21:30	-9200.0	0	0.0
14:21:40	-5800.0	0	0.0
14:21:50	-2000.0	0	0.0
14:22:00	-13200.0	0	0.0
14:22:10	-9100.0	0	0.0
14:22:20	-14500.0	0	0.0
14:22:30	14700.0	0	0.0
14:22:40	300.0	0	0.0
14:22:50	-34100.0	0	0.0
14:23:00	19600.0	0	0.0
14:23:10	8100.0	0	0.0
14:23:20	-4700.0	0	0.0
14:23:30	-21800.0	0	0.0
14:23:40	26700.0	0	0.0
14:23:50	25400.0	0	0.0
14:24:00	-5800.0	0	0.0
14:24:10	1400.0	0	0.0
14:24:20	-100.0	0	0.0
14:24:30	-400.0	0	0.0
14:24:40	0.0	0	0.0
14:24:50	1900.0	0	0.0
14:25:00	6200.0	0	0.0
14:25:10	-6400.0	0	0.0
14:25:20	5600.0	0	0.0
14:25:30	-16400.0	0	-0.000415886884763
14:25:40	-14300.0	0	-0.000416059918629
14:25:50	-5200.0	0	0.0
14:26:00	-2700.0	0	0.0
14:26:10	-12400.0	0	0.0
14:26:20	1600.0	0	0.0
14:26:30	-21800.0	0	0.0
14:26:40	-3000.0	0	0.0
14:26:50	-1200.0	0	0.0
14:27:00	800.0	0	0.0
14:27:10	-8400.0	0	0.0
14:27:20	2400.0	0	0.0
14:27:30	-1800.0	0	0.0
14:27:40	18900.0	0	0.0
14:27:50	5000.0	0	0.0
14:28:00	-5300.0	0	0.0
14:28:10	28400.0	0	0.0
14:28:20	300.0	0	0.0
14:28:30	-1700.0	0	0.0
14:28:40	-14800.0	0	0.0
14:28:50	45700.0	0	0.000831946803392
14:29:00	-36100.0	0	-0.000831946803393
14:29:10	100.0	0	0.0
14:29:20	-42300.0	0	0.0
14:29:30	31100.0	0	0.0
14:29:40	21400.0	0	0.000831946803392
14:29:50	15900.0	0	0.0
14:30:00	-9000.0	0	0.0
14:30:10	-4500.0	0	0.0
14:30:20	9500.0	0	0.0
14:30:30	1400.0	0	0.0
14:30:40	26900.0	1	0.000831255243211
14:30:50	21700.0	0	0.0
14:31:00	8900.0	0	0.0
14:31:10	-6500.0	0	0.0
14:31:20	200.0	0	0.0
14:31:30	0.0	0	0.0
14:31:40	-2300.0	0	0.0
14:31:50	-2000.0	0	0.0
14:32:00	-1200.0	0	0.0
14:32:10	7300.0	0	0.0
14:32:20	-53100.0	-1	-0.00083125524321
14:32:30	-1800.0	0	0.0
14:32:40	12600.0	0	0.0
14:32:50	400.0	0	0.0
14:33:00	-1600.0	0	0.0
14:33:10	-300.0	0	0.0
14:33:20	1300.0	0	0.0
14:33:30	-1400.0	0	0.0
14:33:40	1700.0	0	0.0
14:33:50	800.0	0	0.0
14:34:00	-1300.0	0	0.0
14:34:10	-30000.0	0	0.0
14:34:20	16200.0	0	0.0
14:34:30	-4400.0	0	0.0
14:34:40	-300.0	0	0.0
14:34:50	-3600.0	0	0.0
14:35:00	-17900.0	0	0.0
14:35:10	5100.0	0	0.0
14:35:20	-5600.0	0	0.0
14:35:30	-10400.0	0	0.0
14:35:40	-200.0	0	0.0
14:35:50	10500.0	0	0.0
14:36:00	-300.0	0	0.0
14:36:10	9300.0	0	0.0
14:36:20	3700.0	0	0.0
14:36:30	20500.0	0	0.0
14:36:40	-2000.0	0	0.0
14:36:50	9800.0	0	0.0
14:37:00	5700.0	0	0.0
14:37:10	-200.0	0	0.0
14:37:20	3500.0	0	0.0
14:37:30	-13400.0	0	0.0
14:37:40	-1300.0	0	0.0
14:37:50	-1900.0	0	0.0
14:38:00	800.0	0	0.0
14:38:10	10600.0	0	0.0
14:38:20	20700.0	0	0.0
14:38:30	-1200.0	0	0.0
14:38:40	-300.0	0	0.0
14:38:50	-5100.0	0	0.0
14:39:00	6700.0	0	0.0
14:39:10	35900.0	1	0.000831255243211
14:39:20	8900.0	0	0.0
14:39:30	1000.0	0	0.0
14:39:40	6100.0	0	0.0
14:39:50	-2600.0	0	0.0
14:40:00	-100.0	0	0.0
14:40:10	51200.0	0	0.000830564831799
14:40:20	-32900.0	0	-0.000830564831799
14:40:30	7000.0	0	0.0
14:40:40	6300.0	0	0.0
14:40:50	-1400.0	0	0.0
14:41:00	23000.0	0	0.000830564831799
14:41:10	23500.0	0	0.0
14:41:20	-11100.0	0	0.0
14:41:30	5800.0	0	0.0
14:41:40	-46500.0	0	-0.000830564831799
14:41:50	14700.0	0	0.0
14:42:00	-7800.0	0	0.0
14:42:10	8200.0	0	0.0
14:42:20	1800.0	0	0.0
14:42:30	7000.0	0	0.0
14:42:40	1300.0	0	0.0
14:42:50	-1100.0	0	0.0
14:43:00	20900.0	0	0.0
14:43:10	8500.0	0	0.0
14:43:20	-10500.0	0	0.0
14:43:30	1500.0	0	0.0
14:43:40	-3900.0	0	0.0
14:43:50	-400.0	0	0.0
14:44:00	-3400.0	0	0.0
14:44:10	3000.0	0	0.0
14:44:20	300.0	0	0.0
14:44:30	600.0	0	0.0
14:44:40	-2700.0	0	0.0
14:44:50	-3700.0	0	0.0
14:45:00	-4000.0	0	0.0
14:45:10	-4200.0	0	0.0
14:45:20	-600.0	0	0.0
14:45:30	4200.0	0	0.0
14:45:40	-300.0	0	0.0
14:45:50	7300.0	0	0.0
14:46:00	-4700.0	0	0.0
14:46:10	-5500.0	0	0.0
14:46:20	500.0	0	0.0
14:46:30	92100.0	0	0.000830564831799
14:46:40	-35900.0	0	-0.000830564831799
14:46:50	-6300.0	0	0.0
14:47:00	-6600.0	0	0.0
14:47:10	4800.0	0	0.0
14:47:20	-11900.0	0	0.0
14:47:30	0.0	0	0.0
14:47:40	-400.0	0	0.0
14:47:50	2300.0	0	0.0
14:48:00	25800.0	0	0.0
14:48:10	-11500.0	0	0.0
14:48:20	4100.0	0	0.0
14:48:30	1700.0	0	0.0
14:48:40	6800.0	0	0.0
14:48:50	7700.0	0	0.0
14:49:00	48700.0	0	0.000830564831799
14:49:10	500.0	0	0.0
14:49:20	-39900.0	0	-0.000830564831799
14:49:30	37300.0	0	0.000830564831799
14:49:40	-9400.0	0	0.0
14:49:50	-2600.0	0	0.0
14:50:00	-9100.0	0	0.0
14:50:10	-33500.0	0	-0.000830564831799
14:50:20	8300.0	0	0.0
14:50:30	-36500.0	0	0.0
14:50:40	2200.0	0	0.0
14:50:50	-800.0	0	0.0
14:51:00	-1100.0	0	0.0
14:51:10	32700.0	0	0.00041536864564
14:51:20	13700.0	0	-0.00041536864564
14:51:30	100.0	0	0.0
14:51:40	-1300.0	0	0.0
14:51:50	1200.0	0	0.0
14:52:00	65700.0	0	0.000830564831799
14:52:10	-10000.0	0	0.0
14:52:20	-3900.0	0	0.0
14:52:30	33600.0	0	0.0
14:52:40	8900.0	0	0.0
14:52:50	11000.0	0	0.0
14:53:00	6800.0	0	0.0
14:53:10	17000.0	0	0.0
14:53:20	-8600.0	0	0.0
14:53:30	-5200.0	0	0.0
14:53:40	336100.0	0	0.0008298755663
14:53:50	195100.0	1	0.000829187443861
14:54:00	78600.0	0	0.000828500461641
14:54:10	55900.0	0	0.0
14:54:20	-30600.0	0	0.0
14:54:30	83000.0	1	0.00082781461681
14:54:40	-17400.0	-1	-0.00082781461681
14:54:50	-11800.0	0	0.0
14:55:00	21600.0	1	0.00082781461681
14:55:10	-12100.0	0	0.0
14:55:20	-18800.0	-1	-0.00082781461681
14:55:30	-68200.0	0	-0.000828500461641
14:55:40	40700.0	0	0.000828500461641
14:55:50	31700.0	0	0.0
14:56:00	-5000.0	0	0.0
14:56:10	4300.0	0	0.000413992968033
14:56:20	4800.0	0	-0.000413992968033
14:56:30	119100.0	1	0.00082781461681
14:56:40	89300.0	0	0.000827129906544
14:56:50	-47000.0	0	-0.000827129906544
14:57:00	32000.0	0	0.000827129906544
14:57:10	-9900.0	0	0.0
14:57:20	-21700.0	0	-0.000827129906544
14:57:30	-15200.0	0	0.0
14:57:40	6300.0	0	0.0
14:57:50	6500.0	0	0.0
14:58:00	485600.0	1	0.00165357623458
14:58:10	-29100.0	0	0.0
14:58:20	-10700.0	0	0.0
14:58:30	206500.0	0	0.000825763878467
14:58:40	7400.0	0	0.0
14:58:50	-168400.0	0	-0.000825763878467
14:59:00	1200.0	0	0.0
14:59:10	-6000.0	0	0.0
14:59:20	60700.0	0	0.000825763878467
14:59:30	-18900.0	0	0.0
14:59:40	400.0	0	0.0
14:59:50	-4800.0	0	0.0
15:00:00	15900.0	0	0.0
15:00:10	-36300.0	0	-0.000825763878467
15:00:20	17100.0	0	0.0
15:00:30	300.0	0	0.0
15:00:40	7400.0	0	0.0
15:00:50	-4900.0	0	0.0
15:01:00	-2600.0	0	0.0
15:01:10	6700.0	0	0.0
15:01:20	-130900.0	-1	-0.000826446328031
15:01:30	17500.0	0	0.0
15:01:40	-47300.0	0	0.0
15:01:50	-184500.0	-1	-0.00165494452335
15:02:00	-2300.0	0	0.0
15:02:10	28700.0	0	0.0
15:02:20	16100.0	0	0.0
15:02:30	-2500.0	0	0.0
15:02:40	1800.0	0	0.0
15:02:50	82500.0	0	0.0
15:03:00	20000.0	1	0.00082781461681
15:03:10	-6100.0	0	0.0
15:03:20	1500.0	0	0.0
15:03:30	-13500.0	0	0.0
15:03:40	14100.0	0	0.0
15:03:50	-200.0	0	0.0
15:04:00	5700.0	0	0.0
15:04:10	-6500.0	0	0.0
15:04:20	-3800.0	0	0.0
15:04:30	11900.0	0	0.0
15:04:40	6800.0	0	0.0
15:04:50	-7300.0	0	0.0
15:05:00	15300.0	0	0.0
15:05:10	29700.0	0	0.0
15:05:20	-3700.0	0	0.0
15:05:30	5200.0	0	0.0
15:05:40	2600.0	0	0.0
15:05:50	9100.0	0	0.0
15:06:00	-500.0	0	0.0
15:06:10	200.0	0	0.0
15:06:20	-34300.0	0	0.0
15:06:30	800.0	0	0.0
15:06:40	7200.0	0	0.0
15:06:50	-1800.0	0	0.0
15:07:00	-5800.0	0	0.0
15:07:10	600.0	0	0.0
15:07:20	14100.0	0	0.0
15:07:30	300.0	0	0.0
15:07:40	0.0	0	0.0
15:07:50	2300.0	0	0.0
15:08:00	7200.0	0	0.0
15:08:10	300.0	0	0.0
15:08:20	-1000.0	0	0.0
15:08:30	1600.0	0	0.0
15:08:40	3700.0	0	0.0
15:08:50	146500.0	0	0.000827129906544
15:09:00	33000.0	1	0.000826446328031
15:09:10	-51200.0	-1	-0.000826446328031
15:09:20	11900.0	0	0.0
15:09:30	33400.0	1	0.000826446328031
15:09:40	6300.0	0	0.0
15:09:50	-95900.0	-1	-0.000826446328031
15:10:00	8800.0	0	0.0
15:10:10	-19500.0	0	0.0
15:10:20	2800.0	0	0.0
15:10:30	200.0	0	0.0
15:10:40	5600.0	0	0.0
15:10:50	-300.0	0	0.0
15:11:00	10400.0	0	0.0
15:11:10	-6000.0	0	0.0
15:11:20	-28000.0	0	0.0
15:11:30	700.0	0	0.0
15:11:40	-90600.0	0	-0.000827129906544
15:11:50	6700.0	0	0.0
15:12:00	1200.0	0	0.0
15:12:10	-200.0	0	0.0
15:12:20	-4000.0	0	0.0
15:12:30	-4900.0	0	0.0
15:12:40	-1000.0	0	0.0
15:12:50	7300.0	0	0.0
15:13:00	4600.0	0	0.0
15:13:10	-2400.0	0	0.0
15:13:20	6400.0	0	0.0
15:13:30	-3400.0	0	0.0
15:13:40	-11000.0	0	0.0
15:13:50	500.0	0	0.0
15:14:00	-150200.0	-1	-0.00082781461681
15:14:10	-3400.0	0	0.0
15:14:20	14600.0	0	0.0
15:14:30	4500.0	0	0.0
15:14:40	-16000.0	0	0.0
15:14:50	15700.0	0	0.0
15:15:00	6200.0	0	0.0
15:15:10	-4700.0	0	0.0
15:15:20	-7400.0	0	0.0
15:15:30	-39800.0	0	-0.000828500461641
15:15:40	-23200.0	0	0.0
15:15:50	41300.0	0	0.000828500461641
15:16:00	-5700.0	0	0.0
15:16:10	37600.0	0	0.0
15:16:20	6000.0	0	0.0
15:16:30	-31000.0	0	0.0
15:16:40	-151400.0	0	-0.000828500461641
15:16:50	-1300.0	0	0.0
15:17:00	-80600.0	0	0.0
15:17:10	-4600.0	0	0.0
15:17:20	19800.0	0	0.0
15:17:30	-3900.0	0	0.0
15:17:40	5300.0	0	0.0
15:17:50	-11100.0	0	0.0
15:18:00	-3400.0	0	0.0
15:18:10	-19900.0	0	0.0
15:18:20	-1500.0	0	0.0
15:18:30	-89900.0	-1	-0.000829187443861
15:18:40	-6300.0	0	0.0
15:18:50	-2900.0	0	0.0
15:19:00	-5100.0	0	0.0
15:19:10	-17000.0	0	0.0
15:19:20	7400.0	1	0.000829187443861
15:19:30	-25400.0	0	0.0
15:19:40	-58500.0	-1	-0.000829187443861
15:19:50	-6000.0	0	0.0
15:20:00	-500.0	0	0.0
15:20:10	10100.0	0	0.0
15:20:20	-104600.0	0	0.0
15:20:30	-117500.0	0	-0.0008298755663
15:20:40	-18000.0	0	0.0
15:20:50	-4500.0	0	0.0
15:21:00	-8800.0	0	0.0
15:21:10	8700.0	0	0.0
15:21:20	20800.0	0	0.0
15:21:30	65400.0	0	0.0
15:21:40	-18400.0	0	0.0
15:21:50	9100.0	0	0.0
15:22:00	9500.0	0	0.0008298755663
15:22:10	22900.0	0	0.0
15:22:20	-2900.0	0	0.0
15:22:30	18500.0	0	0.0
15:22:40	111700.0	0	0.0
15:22:50	50200.0	1	0.000829187443861
15:23:00	6200.0	0	0.0
15:23:10	-29300.0	-1	-0.000829187443861
15:23:20	4200.0	0	0.0
15:23:30	3300.0	0	0.0
15:23:40	51200.0	1	0.000829187443861
15:23:50	5900.0	0	0.0
15:24:00	15400.0	0	0.0
15:24:10	1400.0	0	0.0
15:24:20	136700.0	0	0.000828500461641
15:24:30	-62300.0	0	-0.000828500461641
15:24:40	12300.0	0	0.0
15:24:50	46700.0	0	0.000828500461641
15:25:00	-1500.0	0	0.0
15:25:10	2600.0	0	0.0
15:25:20	11500.0	0	0.0
15:25:30	3500.0	0	0.0
15:25:40	0.0	0	0.0
15:25:50	15700.0	0	0.0
15:26:00	2000.0	0	0.0
15:26:10	1400.0	0	0.0
15:26:20	-28900.0	0	0.0
15:26:30	-5100.0	0	0.0
15:26:40	-8200.0	0	0.0
15:26:50	3300.0	0	0.0
15:27:00	-4100.0	0	0.0
15:27:10	-2500.0	0	0.0
15:27:20	18500.0	0	0.0
15:27:30	-8400.0	0	0.0
15:27:40	-10500.0	0	0.0
15:27:50	-48200.0	0	-0.000828500461641
15:28:00	3700.0	0	0.0
15:28:10	-2500.0	0	0.0
15:28:20	-16800.0	0	0.0
15:28:30	0.0	0	0.0
15:28:40	11800.0	0	0.0
15:28:50	-10300.0	0	0.0
15:29:00	8500.0	0	0.0
15:29:10	-63400.0	-1	-0.000829187443861
15:29:20	22400.0	1	0.000829187443861
15:29:30	-7200.0	0	0.0
15:29:40	20500.0	0	0.0
15:29:50	-7700.0	0	0.0
15:30:00	-8900.0	0	0.0
15:30:10	1500.0	0	0.0
15:30:20	-78100.0	-1	-0.000829187443861
15:30:30	16200.0	0	0.0
15:30:40	-1100.0	0	0.0
15:30:50	40500.0	1	0.000829187443861
15:31:00	128300.0	0	0.000828500461641
15:31:10	-25000.0	0	0.0
15:31:20	1800.0	0	0.0
15:31:30	1700.0	0	0.0
15:31:40	17100.0	0	0.0
15:31:50	1000.0	0	0.0
15:32:00	-2800.0	0	0.0
15:32:10	31100.0	0	0.0
15:32:20	-19900.0	0	0.0
15:32:30	300.0	0	0.0
15:32:40	-1900.0	0	0.0
15:32:50	25800.0	0	0.0
15:33:00	-33600.0	0	0.0
15:33:10	-7000.0	0	0.0
15:33:20	-9500.0	0	0.0
15:33:30	-4800.0	0	0.0
15:33:40	28100.0	0	0.0
15:33:50	-25000.0	0	0.0
15:34:00	5400.0	0	0.0
15:34:10	7900.0	0	0.0
15:34:20	-6300.0	0	0.0
15:34:30	-21300.0	0	0.0
15:34:40	700.0	0	0.0
15:34:50	21200.0	0	0.0
15:35:00	-1700.0	0	0.0
15:35:10	-43000.0	0	0.0
15:35:20	-1500.0	0	0.0
15:35:30	-400.0	0	0.0
15:35:40	24400.0	0	0.0
15:35:50	2600.0	0	0.0
15:36:00	-600.0	0	0.0
15:36:10	18100.0	0	0.0
15:36:20	-1300.0	0	0.0
15:36:30	-5500.0	0	0.0
15:36:40	100.0	0	0.0
15:36:50	-100.0	0	0.0
15:37:00	9700.0	0	0.0
15:37:10	-2800.0	0	0.0
15:37:20	-17100.0	0	0.0
15:37:30	-100.0	0	0.0
15:37:40	-1400.0	0	0.0
15:37:50	3700.0	0	0.0
15:38:00	18900.0	0	0.0
15:38:10	-22700.0	0	0.0
15:38:20	21500.0	0	0.0
15:38:30	-2400.0	0	0.0
15:38:40	-22600.0	0	0.0
15:38:50	-1100.0	0	0.0
15:39:00	-63600.0	0	0.0
15:39:10	-16800.0	0	-0.000828500461641
15:39:20	3400.0	0	0.000414336032445
15:39:30	7000.0	0	-0.000414336032445
15:39:40	12900.0	0	0.000828500461641
15:39:50	400.0	0	0.0
15:40:00	-400.0	0	0.0
15:40:10	11000.0	0	0.0
15:40:20	83000.0	0	0.0
15:40:30	-2000.0	0	0.0
15:40:40	-74600.0	0	0.0
15:40:50	14400.0	0	0.0
15:41:00	-5700.0	0	-0.000828500461641
15:41:10	43100.0	0	0.000828500461641
15:41:20	-5300.0	0	-0.000828500461641
15:41:30	1300.0	0	0.0
15:41:40	10700.0	0	0.000828500461641
15:41:50	-14200.0	0	0.0
15:42:00	-14300.0	0	0.0
15:42:10	12500.0	0	0.0
15:42:20	-400.0	0	0.0
15:42:30	0.0	0	0.0
15:42:40	-38300.0	0	0.0
15:42:50	-6800.0	0	0.0
15:43:00	6700.0	0	0.0
15:43:10	21500.0	0	0.0
15:43:20	4900.0	0	0.0
15:43:30	-800.0	0	0.0
15:43:40	10400.0	0	0.0
15:43:50	-600.0	0	0.0
15:44:00	-9600.0	0	0.0
15:44:10	43300.0	0	0.0
15:44:20	21700.0	0	0.0
15:44:30	-41900.0	0	0.0
15:44:40	4300.0	0	0.0
15:44:50	1000.0	0	0.0
15:45:00	-12300.0	0	0.0
15:45:10	-70700.0	0	0.0
15:45:20	-5500.0	0	0.0
15:45:30	200.0	0	0.0
15:45:40	10300.0	0	0.0
15:45:50	-1200.0	0	0.0
15:46:00	29200.0	0	0.0
15:46:10	-1100.0	0	0.0
15:46:20	-200.0	0	0.0
15:46:30	500.0	0	0.0
15:46:40	-2100.0	0	0.0
15:46:50	-69000.0	0	-0.000828500461641
15:47:00	-9500.0	0	0.0
15:47:10	-8200.0	0	0.0
15:47:20	85900.0	0	0.000828500461641
15:47:30	-24300.0	0	-0.000828500461641
15:47:40	-6600.0	0	0.000414336032445
15:47:50	-18200.0	0	-0.000414336032445
15:48:00	4000.0	0	0.0
15:48:10	-135600.0	0	0.0
15:48:20	8200.0	0	0.0
15:48:30	-26500.0	0	0.0
15:48:40	4300.0	0	0.0
15:48:50	-12200.0	0	0.0
15:49:00	-4900.0	0	0.0
15:49:10	-20100.0	-1	-0.000829187443861
15:49:20	-34300.0	0	0.0
15:49:30	33400.0	0	0.0
15:49:40	700.0	0	0.0
15:49:50	1500.0	0	0.0
15:50:00	-36500.0	0	0.0
15:50:10	16100.0	1	0.000829187443861
15:50:20	45400.0	0	0.0
15:50:30	-5300.0	0	0.0
15:50:40	32000.0	0	0.0
15:50:50	-6200.0	0	0.0
15:51:00	-300.0	0	0.0
15:51:10	-1400.0	0	0.0
15:51:20	-85100.0	0	0.0
15:51:30	-900.0	0	0.0
15:51:40	43400.0	0	0.0
15:51:50	-95200.0	-1	-0.000829187443861
15:52:00	-52900.0	0	0.0
15:52:10	-1200.0	0	0.0
15:52:20	-6300.0	0	0.0
15:52:30	-185600.0	0	-0.0008298755663
15:52:40	4300.0	0	0.0
15:52:50	-3300.0	0	0.0
15:53:00	8400.0	0	0.0
15:53:10	12100.0	0	0.0
15:53:20	79200.0	0	0.0008298755663
15:53:30	-69900.0	0	-0.0008298755663
15:53:40	-7700.0	0	0.0
15:53:50	-95700.0	0	0.0
15:54:00	-39900.0	0	-0.000830564831799
15:54:10	28200.0	0	0.000830564831799
15:54:20	-7400.0	0	-0.00041519618616
15:54:30	-26800.0	0	0.00041519618616
15:54:40	-32600.0	0	-0.000830564831799
15:54:50	1900.0	0	0.0
15:55:00	42300.0	0	0.000830564831799
15:55:10	9600.0	0	0.0
15:55:20	-2700.0	0	0.0
15:55:30	-400.0	0	0.0
15:55:40	10500.0	0	0.0
15:55:50	-78100.0	0	-0.000830564831799
15:56:00	-5000.0	0	0.0
15:56:10	-7600.0	0	0.0
15:56:20	-10600.0	0	0.0
15:56:30	-600.0	0	0.0
15:56:40	2000.0	0	0.0
15:56:50	-6200.0	0	0.0
15:57:00	11400.0	0	0.0
15:57:10	-17200.0	0	0.0
15:57:20	4200.0	0	0.0
15:57:30	-13100.0	0	0.0
15:57:40	2500.0	0	0.0
15:57:50	16700.0	0	0.0
15:58:00	28000.0	0	0.0
15:58:10	33000.0	0	0.0
15:58:20	-4400.0	0	0.0
15:58:30	16000.0	0	0.0
15:58:40	28900.0	0	0.000830564831799
15:58:50	-30400.0	0	-0.00041519618616
15:59:00	12800.0	0	-0.00041536864564
15:59:10	-1000.0	0	0.0
15:59:20	-11400.0	0	0.0
15:59:30	2800.0	0	0.0
15:59:40	5400.0	0	0.0
15:59:50	-12000.0	0	0.0
16:00:00	9800.0	0	0.0
16:00:10	-1600.0	0	0.0
16:00:20	-9200.0	0	0.0
16:00:30	120900.0	0	0.000830564831799
16:00:40	-5500.0	0	0.0
16:00:50	74800.0	0	0.0
16:01:00	27000.0	0	0.0
16:01:10	76100.0	0	0.0008298755663
16:01:20	9900.0	0	0.0
16:01:30	3800.0	0	0.0
16:01:40	-12000.0	0	0.0
16:01:50	17700.0	0	0.0
16:02:00	1900.0	0	0.0
16:02:10	-4500.0	0	0.0
16:02:20	1700.0	0	0.0
16:02:30	9000.0	0	0.0
16:02:40	-1600.0	0	0.0
16:02:50	6400.0	0	0.0
16:03:00	1100.0	0	0.0
16:03:10	-200.0	0	0.0
16:03:20	300.0	0	0.0
16:03:30	172000.0	1	0.000829187443861
16:03:40	-19400.0	0	0.0
16:03:50	19100.0	0	0.0
16:04:00	6700.0	0	0.0
16:04:10	19300.0	0	0.0
16:04:20	6100.0	0	0.0
16:04:30	1400.0	0	0.0
16:04:40	-5900.0	0	0.0
16:04:50	-8600.0	0	0.0
16:05:00	1300.0	0	0.0
16:05:10	1900.0	0	0.0
16:05:20	146300.0	0	0.000828500461641
16:05:30	-47100.0	0	0.0
16:05:40	50900.0	0	0.0
16:05:50	-34400.0	0	0.0
16:06:00	24500.0	0	0.0
16:06:10	-4600.0	0	0.0
16:06:20	54000.0	0	0.0
16:06:30	-8200.0	0	0.0
16:06:40	-70700.0	0	-0.000828500461641
16:06:50	4000.0	0	0.0
16:07:00	16000.0	0	0.0
16:07:10	1300.0	0	0.0
16:07:20	-100.0	0	0.0
16:07:30	-9500.0	0	0.0
16:07:40	56600.0	0	0.000828500461641
16:07:50	2000.0	0	-0.000414164429196
16:08:00	-7200.0	0	-0.000414336032445
16:08:10	-5300.0	0	0.0
16:08:20	7100.0	0	0.0
16:08:30	-21000.0	0	0.0
16:08:40	13800.0	0	0.0
16:08:50	-1600.0	0	0.0
16:09:00	7000.0	0	0.0
16:09:10	700.0	0	0.0
16:09:20	-14500.0	0	0.0
16:09:30	-1000.0	0	0.0
16:09:40	5500.0	0	0.0
16:09:50	1300.0	0	0.0
16:10:00	-11100.0	0	0.0
16:10:10	-69300.0	0	0.0
16:10:20	11600.0	0	0.0
16:10:30	2400.0	0	0.0
16:10:40	-30100.0	0	0.0
16:10:50	-2700.0	0	0.0
16:11:00	5800.0	0	0.0
16:11:10	-82900.0	-1	-0.000829187443861
16:11:20	15500.0	0	0.0
16:11:30	500.0	0	0.0
16:11:40	-600.0	0	0.0
16:11:50	44700.0	0	0.000414679665905
16:12:00	-12400.0	0	0.000414507777956
16:12:10	-20900.0	-1	-0.000829187443861
16:12:20	-2300.0	0	0.0
16:12:30	-1300.0	0	0.0
16:12:40	5600.0	0	0.0
16:12:50	7900.0	0	0.0
16:13:00	-9200.0	0	0.0
16:13:10	900.0	0	0.0
16:13:20	-4800.0	0	0.0
16:13:30	29900.0	0	0.0
16:13:40	-25600.0	0	0.0
16:13:50	45600.0	0	0.0
16:14:00	20000.0	1	0.000829187443861
16:14:10	24200.0	0	0.0
16:14:20	-14800.0	0	0.0
16:14:30	6900.0	0	0.0
16:14:40	-19600.0	0	0.0
16:14:50	3800.0	0	0.0
16:15:00	300.0	0	0.0
16:15:10	1800.0	0	0.0
16:15:20	5100.0	0	0.0
16:15:30	10800.0	0	0.0
16:15:40	3400.0	0	0.0
16:15:50	2600.0	0	0.0
16:16:00	-2400.0	0	0.0
16:16:10	3900.0	0	0.0
16:16:20	-300.0	0	0.0
16:16:30	900.0	0	0.0
16:16:40	1000.0	0	0.0
16:16:50	1500.0	0	0.0
16:17:00	-5800.0	0	0.0
16:17:10	20900.0	0	0.0
16:17:20	1800.0	0	0.0
16:17:30	-700.0	0	0.0
16:17:40	-41400.0	-1	-0.000829187443861
16:17:50	-6800.0	0	0.0
16:18:00	-31600.0	0	0.0
16:18:10	8300.0	0	0.0
16:18:20	500.0	0	0.0
16:18:30	-13400.0	0	0.0
16:18:40	-13900.0	0	0.0
16:18:50	4500.0	0	0.0
16:19:00	-12600.0	0	0.0
16:19:10	-9600.0	0	0.0
16:19:20	-1900.0	0	0.0
16:19:30	2400.0	0	0.0
16:19:40	1000.0	0	0.0
16:19:50	-1400.0	0	0.0
16:20:00	6000.0	0	0.0
16:20:10	6100.0	0	0.0
16:20:20	-8300.0	0	0.0
16:20:30	6700.0	0	0.0
16:20:40	-55700.0	0	-0.0008298755663
16:20:50	-13200.0	0	0.0
16:21:00	-8900.0	0	0.0
16:21:10	-2000.0	0	0.0
16:21:20	6900.0	0	0.0
16:21:30	-80000.0	0	-0.000830564831799
16:21:40	-300.0	0	0.0
16:21:50	200.0	0	0.0
16:22:00	3700.0	0	0.0
16:22:10	-9400.0	0	0.0
16:22:20	-4500.0	0	0.0
16:22:30	57400.0	0	0.000830564831799
16:22:40	1600.0	0	0.0
16:22:50	6000.0	0	0.0
16:23:00	-24300.0	0	-0.000830564831799
16:23:10	-7900.0	0	0.0
16:23:20	-3900.0	0	0.0
16:23:30	-1400.0	0	0.0
16:23:40	10000.0	0	0.0
16:23:50	4700.0	0	0.0
16:24:00	-14400.0	0	0.0
16:24:10	5400.0	0	0.0
16:24:20	1600.0	0	0.0
16:24:30	5700.0	0	0.0
16:24:40	3600.0	0	0.0
16:24:50	36700.0	0	0.000830564831799
16:25:00	-42700.0	0	-0.000830564831799
16:25:10	7800.0	0	0.0
16:25:20	-5100.0	0	0.0
16:25:30	-6200.0	0	0.0
16:25:40	3600.0	0	0.0
16:25:50	-52800.0	0	0.0
16:26:00	-210000.0	-1	-0.0016632020466
16:26:10	-9900.0	0	0.0
16:26:20	600.0	0	0.0
16:26:30	-89600.0	-1	-0.000832639515216
16:26:40	-20400.0	0	0.0
16:26:50	-20000.0	0	0.0
16:27:00	-31700.0	0	0.0
16:27:10	-129700.0	0	-0.000833333381558
16:27:20	-9500.0	0	0.0
16:27:30	-66800.0	0	-0.000416927252235
16:27:40	21300.0	0	0.000416927252235
16:27:50	9300.0	0	0.0
16:28:00	10800.0	0	0.0
16:28:10	-13200.0	0	0.0
16:28:20	-18000.0	-1	-0.00083402840531
16:28:30	60600.0	1	0.00083402840531
16:28:40	105400.0	0	0.000833333381558
16:28:50	61600.0	0	0.0
16:29:00	-10300.0	0	0.0
16:29:10	11100.0	0	0.0
16:29:20	51200.0	1	0.000832639515216
16:29:30	25700.0	0	0.0
16:29:40	7500.0	0	0.0
16:29:50	-3300.0	0	0.0
16:30:00	-19000.0	0	0.0
16:30:10	22700.0	0	0.0
16:30:20	-4300.0	0	0.0
16:30:30	6100.0	0	0.0
16:30:40	3400.0	0	0.0
16:30:50	-20600.0	0	0.0
16:31:00	1200.0	0	0.0
16:31:10	5200.0	0	0.0
16:31:20	-44600.0	0	0.0
16:31:30	-5100.0	0	0.0
16:31:40	64200.0	0	0.0
16:31:50	54800.0	0	0.000831946803392
16:32:00	-5100.0	0	0.0
16:32:10	-3500.0	0	0.0
16:32:20	9500.0	0	0.0
16:32:30	7800.0	0	0.0
16:32:40	86900.0	1	0.000831255243211
16:32:50	82000.0	0	0.0
16:33:00	-12600.0	0	0.0
16:33:10	-8800.0	0	0.0
16:33:20	7900.0	0	0.0
16:33:30	174900.0	1	0.0016604403981
16:33:40	-10100.0	0	0.0
16:33:50	-1200.0	0	0.0
16:34:00	4500.0	0	0.0
16:34:10	-35800.0	0	-0.0008298755663
16:34:20	-7000.0	0	0.0
16:34:30	-6600.0	0	0.0
16:34:40	3600.0	0	0.0
16:34:50	5800.0	0	0.0
16:35:00	7300.0	0	0.0
16:35:10	59200.0	0	0.0008298755663
16:35:20	-4200.0	0	0.0
16:35:30	12200.0	0	0.0
16:35:40	4400.0	0	0.0
16:35:50	-10600.0	0	0.0
16:36:00	-3600.0	0	0.0
16:36:10	6700.0	0	0.0
16:36:20	1800.0	0	0.0
16:36:30	9400.0	0	0.0
16:36:40	6800.0	0	0.0
16:36:50	-11600.0	0	0.0
16:37:00	11700.0	0	0.0
16:37:10	2800.0	0	0.0
16:37:20	300.0	0	0.0
16:37:30	29400.0	0	0.0
16:37:40	-6900.0	0	0.0
16:37:50	-1700.0	0	0.0
16:38:00	5000.0	0	0.0
16:38:10	-55600.0	0	-0.0008298755663
16:38:20	-5400.0	0	0.0
16:38:30	1200.0	0	0.0
16:38:40	100.0	0	0.0
16:38:50	1800.0	0	0.0
16:39:00	5600.0	0	0.0
16:39:10	21500.0	0	0.000415023869829
16:39:20	26900.0	0	-0.000415023869829
16:39:30	-41800.0	0	0.000415023869829
16:39:40	-26900.0	0	0.0
16:39:50	-1700.0	0	-0.000415023869829
16:40:00	8900.0	0	0.0008298755663
16:40:10	24100.0	0	0.0
16:40:20	-35900.0	0	-0.0008298755663
16:40:30	10100.0	0	0.0
16:40:40	-8000.0	0	0.0
16:40:50	500.0	0	0.0
16:41:00	0.0	0	0.0
16:41:10	-6900.0	0	0.0
16:41:20	-4000.0	0	0.0
16:41:30	-4100.0	0	0.0
16:41:40	-23700.0	0	0.0
16:41:50	-100700.0	0	-0.000830564831799
16:42:00	-14000.0	0	0.0
16:42:10	6100.0	0	0.0
16:42:20	-9200.0	0	0.0
16:42:30	11200.0	0	0.0
16:42:40	19300.0	0	0.0
16:42:50	19300.0	0	0.0
16:43:00	3300.0	0	0.0
16:43:10	-3400.0	0	0.0
16:43:20	-42500.0	0	-0.000415541248448
16:43:30	35300.0	0	0.000415541248448
16:43:40	1700.0	0	0.0
16:43:50	5300.0	0	0.0
16:44:00	0.0	0	0.0
16:44:10	2900.0	0	0.0
16:44:20	-6200.0	0	0.0
16:44:30	2100.0	0	0.0
16:44:40	2200.0	0	0.0
16:44:50	2600.0	0	0.0
16:45:00	-6600.0	0	0.0
16:45:10	-6600.0	0	0.0
16:45:20	-66800.0	-1	-0.00083125524321
16:45:30	50000.0	1	0.000831255243211
16:45:40	35500.0	0	0.0
16:45:50	-3100.0	0	0.0
16:46:00	-19100.0	0	0.0
16:46:10	-800.0	0	0.0
16:46:20	5700.0	0	0.0
16:46:30	6300.0	0	0.0
16:46:40	-54000.0	0	0.0
16:46:50	13100.0	0	0.0
16:47:00	-3000.0	0	0.0
16:47:10	3600.0	0	0.0
16:47:20	3700.0	0	0.0
16:47:30	4400.0	0	0.0
16:47:40	6600.0	0	0.0
16:47:50	-7000.0	0	0.0
16:48:00	1700.0	0	0.0
16:48:10	-42600.0	-1	-0.00083125524321
16:48:20	700.0	0	0.0
16:48:30	15700.0	1	0.000831255243211
16:48:40	1400.0	0	0.0
16:48:50	-43300.0	-1	-0.00083125524321
16:49:00	-100.0	0	0.0
16:49:10	400.0	0	0.0
16:49:20	-10000.0	0	0.0
16:49:30	3000.0	0	0.0
16:49:40	7200.0	0	0.0
16:49:50	31200.0	0	0.0
16:50:00	-29100.0	0	0.0
16:50:10	-3700.0	0	0.0
16:50:20	200.0	0	0.0
16:50:30	-10900.0	0	0.0
16:50:40	2600.0	0	0.0
16:50:50	-4900.0	0	0.0
16:51:00	-7000.0	0	0.0
16:51:10	-9500.0	0	0.0
16:51:20	8500.0	0	0.0
16:51:30	-1200.0	0	0.0
16:51:40	800.0	0	0.0
16:51:50	-3700.0	0	0.0
16:52:00	-7300.0	0	0.0
16:52:10	-2100.0	0	0.0
16:52:20	-7300.0	0	0.0
16:52:30	2700.0	0	0.0
16:52:40	-207000.0	-1	-0.00166458631861
16:52:50	177700.0	1	0.00166458631861
16:53:00	-1700.0	0	0.0
16:53:10	5400.0	0	0.0
16:53:20	3700.0	0	0.0
16:53:30	-43700.0	0	0.0
16:53:40	-3200.0	0	0.0
16:53:50	-6500.0	0	0.0
16:54:00	2000.0	0	0.0
16:54:10	30300.0	0	0.0
16:54:20	18200.0	0	0.0
16:54:30	6500.0	0	0.0
16:54:40	5400.0	0	0.0
16:54:50	-16600.0	0	0.0
16:55:00	-22700.0	0	-0.000415886884763
17:07:10	35400.0	1	0.00124714212797
17:28:20	-33800.0	0	0.0
17:30:10	-4200.0	-1	-0.00083125524321
17:30:30	-3100.0	0	-0.000831946803393
17:30:40	2000.0	0	0.0
17:31:00	600.0	0	0.000416059918629
17:31:20	4100.0	0	0.000415886884763
17:31:30	1000.0	0	0.0
17:31:40	-2500.0	0	0.0
17:31:50	2000.0	0	0.0
17:32:50	-900.0	0	0.0
17:33:00	-1100.0	0	0.0
17:33:20	100.0	0	0.0
17:33:30	-500.0	0	-0.000831946803393
17:34:00	10500.0	0	0.000831946803392
17:34:40	-2000.0	0	0.0
17:35:00	-100.0	0	0.0
17:35:20	10000.0	0	0.0
17:35:30	-100.0	0	0.0
17:36:00	-5000.0	0	0.0
17:36:10	-2500.0	0	0.0
17:36:30	-2500.0	0	0.0
17:36:40	-3000.0	0	0.0
17:37:10	2800.0	0	0.0
17:37:20	-700.0	0	0.0
17:38:00	1700.0	0	0.0
17:38:10	-5500.0	0	0.0
17:38:30	-1600.0	0	0.0
17:38:40	-11000.0	0	0.0
17:38:50	-100.0	0	-0.000415886884763
17:39:00	-3000.0	0	-0.000416059918629
17:39:40	-3800.0	0	0.0
17:39:50	-1600.0	0	0.0
17:40:10	700.0	0	0.0
17:40:50	-9100.0	0	0.0
17:41:40	2300.0	0	0.000416059918629
17:41:50	300.0	0	0.000415886884763
17:42:30	1000.0	0	0.0
17:43:10	-9000.0	0	0.0
17:43:20	500.0	0	0.0
17:43:30	1100.0	0	0.0
17:44:00	1800.0	0	0.0
17:44:10	2000.0	0	0.0
17:44:50	2700.0	0	0.0
17:45:10	3000.0	0	0.0
17:45:40	1000.0	0	0.0
17:45:50	-2800.0	0	0.0
17:46:00	-600.0	0	-0.000415886884763
17:46:10	0.0	0	0.0
17:46:30	1000.0	0	0.0
17:47:00	-2300.0	0	0.0
17:47:10	-500.0	0	-0.000416059918629
17:47:40	-1500.0	0	0.0
17:48:00	-1000.0	0	0.0
17:48:10	2000.0	0	0.0
17:48:30	500.0	0	0.0
17:49:30	100.0	0	0.0
17:50:00	100.0	0	0.0
17:50:20	1000.0	0	0.0
17:50:30	0.0	0	0.0
17:51:00	-100.0	0	0.0
17:51:10	-100.0	0	0.0
17:51:50	200.0	0	0.0
17:52:30	100.0	0	0.0
17:52:50	500.0	0	0.0
17:53:10	100.0	0	0.000416059918629
17:53:20	-100.0	0	-0.000416059918629
17:53:40	100.0	0	0.000416059918629
17:53:50	2000.0	0	0.000415886884763
17:54:10	1500.0	0	0.0
17:54:20	-2000.0	0	0.0
17:54:30	1000.0	0	0.0
17:54:40	-3800.0	0	-0.000831946803393
17:55:00	5500.0	0	0.000831946803392
17:55:10	25000.0	0	0.0
17:56:00	1000.0	0	0.0
17:56:10	-2000.0	0	0.0
17:56:20	-20000.0	0	-0.000831946803393
17:57:00	-18300.0	-1	-0.000832639515216
17:57:20	-700.0	1	0.000832639515216
17:57:30	8200.0	1	0.0016632020466
17:57:50	-400.0	0	0.0
17:58:10	-3100.0	-1	-0.00083125524321
17:58:20	600.0	0	0.0
17:58:50	1400.0	0	0.0
17:59:00	-16000.0	0	0.0
17:59:20	-8200.0	0	0.0
17:59:40	200.0	0	0.0
17:59:50	-4100.0	0	0.0
